 		 # x 		 u(x) 
 	 2.000000000000000e+00 	 1.000000000000000e+00 
 	 2.010000000000000e+00 	 9.972033477268654e-01 
 	 2.020000000000000e+00 	 9.944946862106374e-01 
 	 2.030000000000000e+00 	 9.918738841168430e-01 
 	 2.040000000000000e+00 	 9.893408925712962e-01 
 	 2.050000000000000e+00 	 9.868957485454620e-01 
 	 2.060000000000000e+00 	 9.845385785397650e-01 
 	 2.070000000000000e+00 	 9.822696025867125e-01 
 	 2.080000000000000e+00 	 9.800891385975414e-01 
 	 2.090000000000000e+00 	 9.779976070781150e-01 
 	 2.100000000000000e+00 	 9.759955362419767e-01 
 	 2.110000000000000e+00 	 9.740835675508509e-01 
 	 2.120000000000000e+00 	 9.722624617154650e-01 
 	 2.130000000000000e+00 	 9.705331051923927e-01 
 	 2.140000000000000e+00 	 9.688965172156903e-01 
 	 2.150000000000000e+00 	 9.673538574054437e-01 
 	 2.160000000000000e+00 	 9.659064339990040e-01 
 	 2.170000000000000e+00 	 9.645557127546645e-01 
 	 2.180000000000000e+00 	 9.633033265818834e-01 
 	 2.190000000000000e+00 	 9.621510859569075e-01 
 	 2.200000000000000e+00 	 9.611009901878216e-01 
 	 2.210000000000000e+00 	 9.601552395987225e-01 
 	 2.220000000000000e+00 	 9.593162487088941e-01 
 	 2.230000000000000e+00 	 9.585866604896307e-01 
 	 2.240000000000000e+00 	 9.579693617887466e-01 
 	 2.250000000000000e+00 	 9.574675000209142e-01 
 	 2.260000000000000e+00 	 9.570845012308173e-01 
 	 2.270000000000000e+00 	 9.568240896458214e-01 
 	 2.280000000000000e+00 	 9.566903088454765e-01 
 	 2.290000000000000e+00 	 9.566875446868190e-01 
 	 2.300000000000000e+00 	 9.568205501371982e-01 
 	 2.310000000000000e+00 	 9.570944721803508e-01 
 	 2.320000000000000e+00 	 9.575148809768040e-01 
 	 2.330000000000000e+00 	 9.580878014765403e-01 
 	 2.340000000000000e+00 	 9.588197477003592e-01 
 	 2.350000000000000e+00 	 9.597177599266977e-01 
 	 2.360000000000000e+00 	 9.607894450430038e-01 
 	 2.370000000000000e+00 	 9.620430203453019e-01 
 	 2.380000000000000e+00 	 9.634873610965892e-01 
 	 2.390000000000000e+00 	 9.651320521844007e-01 
 	 2.400000000000000e+00 	 9.669874442505645e-01 
 	 2.410000000000000e+00 	 9.690647147021558e-01 
 	 2.420000000000000e+00 	 9.713759340523025e-01 
 	 2.430000000000000e+00 	 9.739341380831696e-01 
 	 2.440000000000000e+00 	 9.767534063716002e-01 
 	 2.450000000000000e+00 	 9.798489477709936e-01 
 	 2.460000000000000e+00 	 9.832371935015881e-01 
 	 2.470000000000000e+00 	 9.869358985659722e-01 
 	 2.480000000000000e+00 	 9.909642522780556e-01 
 	 2.490000000000000e+00 	 9.953429987725988e-01 
 	 2.500000000000000e+00 	 1.000094568449562e+00 
 	 2.510000000000000e+00 	 1.005243221403906e+00 
 	 2.520000000000000e+00 	 1.010815203998065e+00 
 	 2.530000000000000e+00 	 1.016838919852238e+00 
 	 2.540000000000000e+00 	 1.023345116658235e+00 
 	 2.550000000000000e+00 	 1.030367090367170e+00 
 	 2.560000000000000e+00 	 1.037940908461531e+00 
 	 2.570000000000000e+00 	 1.046105654199700e+00 
 	 2.580000000000000e+00 	 1.054903693917937e+00 
 	 2.590000000000000e+00 	 1.064380969693268e+00 
 	 2.600000000000000e+00 	 1.074587319913211e+00 
 	 2.610000000000000e+00 	 1.085576830567453e+00 
 	 2.620000000000000e+00 	 1.097408220375716e+00 
 	 2.630000000000000e+00 	 1.110145263198377e+00 
 	 2.640000000000000e+00 	 1.123857251545969e+00 
 	 2.650000000000000e+00 	 1.138619505414804e+00 
 	 2.660000000000000e+00 	 1.154513931133350e+00 
 	 2.670000000000000e+00 	 1.171629635413394e+00 
 	 2.680000000000000e+00 	 1.190063600367284e+00 
 	 2.690000000000000e+00 	 1.209921425884768e+00 
 	 2.700000000000000e+00 	 1.231318146467776e+00 
 	 2.710000000000000e+00 	 1.254379130407649e+00 
 	 2.720000000000000e+00 	 1.279241070066600e+00 
 	 2.730000000000000e+00 	 1.306053073004641e+00 
 	 2.740000000000000e+00 	 1.334977864787146e+00 
 	 2.750000000000000e+00 	 1.366193115530711e+00 
 	 2.760000000000000e+00 	 1.399892903611700e+00 
 	 2.770000000000000e+00 	 1.436289331490539e+00 
 	 2.780000000000000e+00 	 1.475614310315543e+00 
 	 2.790000000000000e+00 	 1.518121531885315e+00 
 	 2.800000000000000e+00 	 1.564088648694069e+00 
 	 2.810000000000000e+00 	 1.613819685188398e+00 
 	 2.820000000000000e+00 	 1.667647706059534e+00 
 	 2.830000000000000e+00 	 1.725937770418823e+00 
 	 2.840000000000000e+00 	 1.789090204097511e+00 
 	 2.850000000000000e+00 	 1.857544226122191e+00 
 	 2.860000000000000e+00 	 1.931781969697492e+00 
 	 2.870000000000000e+00 	 2.012332942838367e+00 
 	 2.880000000000000e+00 	 2.099778979203907e+00 
 	 2.890000000000000e+00 	 2.194759735770600e+00 
 	 2.900000000000000e+00 	 2.297978800833363e+00 
 	 2.910000000000000e+00 	 2.410210483537285e+00 
 	 2.920000000000000e+00 	 2.532307364835328e+00 
 	 2.930000000000000e+00 	 2.665208699565973e+00 
 	 2.940000000000000e+00 	 2.809949770396394e+00 
 	 2.950000000000000e+00 	 2.967672306847837e+00 
 	 2.960000000000000e+00 	 3.139636096699765e+00 
 	 2.970000000000000e+00 	 3.327231932973837e+00 
 	 2.980000000000000e+00 	 3.531996057673533e+00 
 	 2.990000000000000e+00 	 3.755626283780122e+00 
 	 3.000000000000000e+00 	 4.000000000000000e+00 
