      17.2861
      68.0409
      91.7078
      91.7510
      76.6779
      64.8501
      33.4211
      50.5953
      65.2182
      15.8174
      91.2751
      25.7593
      81.0990
      26.7308
      18.8872
      23.7323
      31.2265
      55.1604
      94.4883
      67.3465
      61.3302
      8.74299
      78.2052
      37.4534
      7.99968
      58.1460
      43.3864
      45.9824
      63.4644
      18.2057
      83.2474
      23.5194
      43.2587
      45.3664
      73.8821
      35.5747
      93.3211
      38.8659
      26.9595
      79.6325
      59.5165
      52.2614
      36.3550
      70.4900
      3.84909
      95.5187
      30.2822
      48.8281
      23.0834
      38.5409
      80.7571
      13.9087
      64.1171
      36.8745
      44.2276
      64.8737
      56.6369
      33.0723
      42.3536
      56.9087
      20.7553
      83.2536
      92.0711
      25.0420
      85.1023
      15.4827
      75.5076
      36.3429
      95.5568
      68.1123
      52.3265
      7.93385
      46.9883
      99.7289
      39.6482
      16.5974
      50.3535
      74.1463
      32.2229
      34.6586
      67.2249
      77.6804
      16.5269
      79.8838
      53.1609
      54.6041
      54.9098
      68.9487
      34.1236
      65.2136
      6.04039
      14.7717
      1.20286
      82.6693
      43.6062
      7.69731
      77.2919
      1.49980
      40.6731
      93.8627
