# tiempo (s) 		 x 			 z 			 vx 			 vz 
0.000000 	 0.00000000e+00 	 1.00000000e+04 	 3.00000000e+02 	 0.00000000e+00 
0.100000 	 2.99506211e+01 	 9.99995097e+03 	 2.99014047e+02 	 -9.79050860e-01 
0.200000 	 5.98028088e+01 	 9.99980419e+03 	 2.98031323e+02 	 -1.95488400e+00 
0.300000 	 8.95568851e+01 	 9.99955999e+03 	 2.97051808e+02 	 -2.92750983e+00 
0.400000 	 1.19213170e+02 	 9.99921869e+03 	 2.96075480e+02 	 -3.89693864e+00 
0.500000 	 1.48771981e+02 	 9.99878060e+03 	 2.95102319e+02 	 -4.86318057e+00 
0.600000 	 1.78233633e+02 	 9.99824605e+03 	 2.94132304e+02 	 -5.82624563e+00 
0.700000 	 2.07598441e+02 	 9.99761535e+03 	 2.93165416e+02 	 -6.78614370e+00 
0.800000 	 2.36866716e+02 	 9.99688882e+03 	 2.92201633e+02 	 -7.74288453e+00 
0.900000 	 2.66038767e+02 	 9.99606678e+03 	 2.91240937e+02 	 -8.69647774e+00 
1.000000 	 2.95114903e+02 	 9.99514953e+03 	 2.90283306e+02 	 -9.64693281e+00 
1.100000 	 3.24095428e+02 	 9.99413739e+03 	 2.89328722e+02 	 -1.05942591e+01 
1.200000 	 3.52980646e+02 	 9.99303067e+03 	 2.88377165e+02 	 -1.15384659e+01 
1.300000 	 3.81770860e+02 	 9.99182969e+03 	 2.87428617e+02 	 -1.24795622e+01 
1.400000 	 4.10466369e+02 	 9.99053476e+03 	 2.86483057e+02 	 -1.34175571e+01 
1.500000 	 4.39067471e+02 	 9.98914618e+03 	 2.85540468e+02 	 -1.43524595e+01 
1.600000 	 4.67574462e+02 	 9.98766427e+03 	 2.84600831e+02 	 -1.52842780e+01 
1.700000 	 4.95987637e+02 	 9.98608933e+03 	 2.83664127e+02 	 -1.62130214e+01 
1.800000 	 5.24307287e+02 	 9.98442166e+03 	 2.82730338e+02 	 -1.71386981e+01 
1.900000 	 5.52533704e+02 	 9.98266159e+03 	 2.81799446e+02 	 -1.80613166e+01 
2.000000 	 5.80667176e+02 	 9.98080940e+03 	 2.80871433e+02 	 -1.89808850e+01 
2.100000 	 6.08707990e+02 	 9.97886541e+03 	 2.79946281e+02 	 -1.98974117e+01 
2.200000 	 6.36656432e+02 	 9.97682992e+03 	 2.79023973e+02 	 -2.08109046e+01 
2.300000 	 6.64512784e+02 	 9.97470323e+03 	 2.78104491e+02 	 -2.17213717e+01 
2.400000 	 6.92277329e+02 	 9.97248564e+03 	 2.77187819e+02 	 -2.26288209e+01 
2.500000 	 7.19950348e+02 	 9.97017746e+03 	 2.76273939e+02 	 -2.35332598e+01 
2.600000 	 7.47532117e+02 	 9.96777899e+03 	 2.75362834e+02 	 -2.44346961e+01 
2.700000 	 7.75022914e+02 	 9.96529053e+03 	 2.74454487e+02 	 -2.53331374e+01 
2.800000 	 8.02423014e+02 	 9.96271236e+03 	 2.73548882e+02 	 -2.62285910e+01 
2.900000 	 8.29732690e+02 	 9.96004481e+03 	 2.72646003e+02 	 -2.71210642e+01 
3.000000 	 8.56952214e+02 	 9.95728815e+03 	 2.71745833e+02 	 -2.80105643e+01 
3.100000 	 8.84081856e+02 	 9.95444269e+03 	 2.70848357e+02 	 -2.88970984e+01 
3.200000 	 9.11121885e+02 	 9.95150873e+03 	 2.69953557e+02 	 -2.97806735e+01 
3.300000 	 9.38072567e+02 	 9.94848656e+03 	 2.69061419e+02 	 -3.06612964e+01 
3.400000 	 9.64934168e+02 	 9.94537647e+03 	 2.68171927e+02 	 -3.15389740e+01 
3.500000 	 9.91706952e+02 	 9.94217876e+03 	 2.67285065e+02 	 -3.24137131e+01 
3.600000 	 1.01839118e+03 	 9.93889373e+03 	 2.66400819e+02 	 -3.32855202e+01 
3.700000 	 1.04498712e+03 	 9.93552166e+03 	 2.65519172e+02 	 -3.41544018e+01 
3.800000 	 1.07149501e+03 	 9.93206285e+03 	 2.64640110e+02 	 -3.50203645e+01 
3.900000 	 1.09791514e+03 	 9.92851759e+03 	 2.63763617e+02 	 -3.58834145e+01 
4.000000 	 1.12424774e+03 	 9.92488617e+03 	 2.62889680e+02 	 -3.67435581e+01 
4.100000 	 1.15049307e+03 	 9.92116887e+03 	 2.62018284e+02 	 -3.76008014e+01 
4.200000 	 1.17665139e+03 	 9.91736600e+03 	 2.61149413e+02 	 -3.84551506e+01 
4.300000 	 1.20272295e+03 	 9.91347784e+03 	 2.60283055e+02 	 -3.93066115e+01 
4.400000 	 1.22870800e+03 	 9.90950468e+03 	 2.59419193e+02 	 -4.01551902e+01 
4.500000 	 1.25460679e+03 	 9.90544681e+03 	 2.58557816e+02 	 -4.10008924e+01 
4.600000 	 1.28041957e+03 	 9.90130450e+03 	 2.57698908e+02 	 -4.18437238e+01 
4.700000 	 1.30614657e+03 	 9.89707806e+03 	 2.56842455e+02 	 -4.26836902e+01 
4.800000 	 1.33178806e+03 	 9.89276777e+03 	 2.55988445e+02 	 -4.35207969e+01 
4.900000 	 1.35734426e+03 	 9.88837390e+03 	 2.55136864e+02 	 -4.43550496e+01 
5.000000 	 1.38281543e+03 	 9.88389676e+03 	 2.54287697e+02 	 -4.51864536e+01 
5.100000 	 1.40820180e+03 	 9.87933661e+03 	 2.53440933e+02 	 -4.60150142e+01 
5.200000 	 1.43350362e+03 	 9.87469375e+03 	 2.52596557e+02 	 -4.68407366e+01 
5.300000 	 1.45872111e+03 	 9.86996846e+03 	 2.51754557e+02 	 -4.76636261e+01 
5.400000 	 1.48385453e+03 	 9.86516103e+03 	 2.50914920e+02 	 -4.84836877e+01 
5.500000 	 1.50890410e+03 	 9.86027173e+03 	 2.50077633e+02 	 -4.93009264e+01 
5.600000 	 1.53387005e+03 	 9.85530084e+03 	 2.49242684e+02 	 -5.01153471e+01 
5.700000 	 1.55875263e+03 	 9.85024866e+03 	 2.48410060e+02 	 -5.09269547e+01 
5.800000 	 1.58355207e+03 	 9.84511545e+03 	 2.47579748e+02 	 -5.17357539e+01 
5.900000 	 1.60826858e+03 	 9.83990150e+03 	 2.46751736e+02 	 -5.25417495e+01 
6.000000 	 1.63290241e+03 	 9.83460710e+03 	 2.45926013e+02 	 -5.33449461e+01 
6.100000 	 1.65745378e+03 	 9.82923252e+03 	 2.45102565e+02 	 -5.41453483e+01 
6.200000 	 1.68192292e+03 	 9.82377803e+03 	 2.44281382e+02 	 -5.49429605e+01 
6.300000 	 1.70631006e+03 	 9.81824392e+03 	 2.43462451e+02 	 -5.57377872e+01 
6.400000 	 1.73061541e+03 	 9.81263047e+03 	 2.42645761e+02 	 -5.65298327e+01 
6.500000 	 1.75483921e+03 	 9.80693796e+03 	 2.41831299e+02 	 -5.73191013e+01 
6.600000 	 1.77898167e+03 	 9.80116665e+03 	 2.41019055e+02 	 -5.81055973e+01 
6.700000 	 1.80304302e+03 	 9.79531684e+03 	 2.40209018e+02 	 -5.88893247e+01 
6.800000 	 1.82702348e+03 	 9.78938879e+03 	 2.39401175e+02 	 -5.96702877e+01 
6.900000 	 1.85092326e+03 	 9.78338278e+03 	 2.38595516e+02 	 -6.04484903e+01 
7.000000 	 1.87474258e+03 	 9.77729909e+03 	 2.37792030e+02 	 -6.12239364e+01 
7.100000 	 1.89848166e+03 	 9.77113799e+03 	 2.36990705e+02 	 -6.19966299e+01 
7.200000 	 1.92214072e+03 	 9.76489976e+03 	 2.36191532e+02 	 -6.27665748e+01 
7.300000 	 1.94571997e+03 	 9.75858468e+03 	 2.35394498e+02 	 -6.35337746e+01 
7.400000 	 1.96921962e+03 	 9.75219301e+03 	 2.34599595e+02 	 -6.42982332e+01 
7.500000 	 1.99263989e+03 	 9.74572503e+03 	 2.33806810e+02 	 -6.50599542e+01 
7.600000 	 2.01598098e+03 	 9.73918102e+03 	 2.33016134e+02 	 -6.58189411e+01 
7.700000 	 2.03924311e+03 	 9.73256124e+03 	 2.32227556e+02 	 -6.65751976e+01 
7.800000 	 2.06242649e+03 	 9.72586598e+03 	 2.31441067e+02 	 -6.73287270e+01 
7.900000 	 2.08553133e+03 	 9.71909550e+03 	 2.30656655e+02 	 -6.80795329e+01 
8.000000 	 2.10855782e+03 	 9.71225007e+03 	 2.29874312e+02 	 -6.88276185e+01 
8.100000 	 2.13150619e+03 	 9.70532997e+03 	 2.29094026e+02 	 -6.95729871e+01 
8.200000 	 2.15437663e+03 	 9.69833547e+03 	 2.28315789e+02 	 -7.03156421e+01 
8.300000 	 2.17716935e+03 	 9.69126684e+03 	 2.27539590e+02 	 -7.10555865e+01 
8.400000 	 2.19988455e+03 	 9.68412435e+03 	 2.26765421e+02 	 -7.17928236e+01 
8.500000 	 2.22252243e+03 	 9.67690828e+03 	 2.25993270e+02 	 -7.25273564e+01 
8.600000 	 2.24508320e+03 	 9.66961888e+03 	 2.25223130e+02 	 -7.32591880e+01 
8.700000 	 2.26756706e+03 	 9.66225644e+03 	 2.24454990e+02 	 -7.39883213e+01 
8.800000 	 2.28997420e+03 	 9.65482122e+03 	 2.23688841e+02 	 -7.47147593e+01 
8.900000 	 2.31230482e+03 	 9.64731349e+03 	 2.22924674e+02 	 -7.54385048e+01 
9.000000 	 2.33455913e+03 	 9.63973352e+03 	 2.22162481e+02 	 -7.61595608e+01 
9.100000 	 2.35673732e+03 	 9.63208158e+03 	 2.21402251e+02 	 -7.68779298e+01 
9.200000 	 2.37883958e+03 	 9.62435793e+03 	 2.20643977e+02 	 -7.75936148e+01 
9.300000 	 2.40086611e+03 	 9.61656285e+03 	 2.19887649e+02 	 -7.83066184e+01 
9.400000 	 2.42281711e+03 	 9.60869661e+03 	 2.19133258e+02 	 -7.90169432e+01 
9.500000 	 2.44469277e+03 	 9.60075946e+03 	 2.18380797e+02 	 -7.97245918e+01 
9.600000 	 2.46649327e+03 	 9.59275169e+03 	 2.17630256e+02 	 -8.04295669e+01 
9.700000 	 2.48821882e+03 	 9.58467355e+03 	 2.16881626e+02 	 -8.11318707e+01 
9.800000 	 2.50986960e+03 	 9.57652531e+03 	 2.16134901e+02 	 -8.18315060e+01 
9.900000 	 2.53144580e+03 	 9.56830725e+03 	 2.15390070e+02 	 -8.25284749e+01 
10.000000 	 2.55294761e+03 	 9.56001962e+03 	 2.14647127e+02 	 -8.32227800e+01 
10.100000 	 2.57437522e+03 	 9.55166269e+03 	 2.13906062e+02 	 -8.39144236e+01 
10.200000 	 2.59572882e+03 	 9.54323673e+03 	 2.13166868e+02 	 -8.46034079e+01 
10.300000 	 2.61700859e+03 	 9.53474201e+03 	 2.12429537e+02 	 -8.52897351e+01 
10.400000 	 2.63821473e+03 	 9.52617879e+03 	 2.11694061e+02 	 -8.59734076e+01 
10.500000 	 2.65934741e+03 	 9.51754733e+03 	 2.10960432e+02 	 -8.66544275e+01 
10.600000 	 2.68040681e+03 	 9.50884790e+03 	 2.10228643e+02 	 -8.73327968e+01 
10.700000 	 2.70139314e+03 	 9.50008077e+03 	 2.09498685e+02 	 -8.80085177e+01 
10.800000 	 2.72230655e+03 	 9.49124620e+03 	 2.08770551e+02 	 -8.86815923e+01 
10.900000 	 2.74314725e+03 	 9.48234445e+03 	 2.08044234e+02 	 -8.93520225e+01 
11.000000 	 2.76391540e+03 	 9.47337579e+03 	 2.07319726e+02 	 -9.00198103e+01 
11.100000 	 2.78461119e+03 	 9.46434049e+03 	 2.06597020e+02 	 -9.06849576e+01 
11.200000 	 2.80523480e+03 	 9.45523880e+03 	 2.05876108e+02 	 -9.13474665e+01 
11.300000 	 2.82578641e+03 	 9.44607100e+03 	 2.05156984e+02 	 -9.20073386e+01 
11.400000 	 2.84626620e+03 	 9.43683733e+03 	 2.04439640e+02 	 -9.26645759e+01 
11.500000 	 2.86667434e+03 	 9.42753808e+03 	 2.03724069e+02 	 -9.33191802e+01 
11.600000 	 2.88701101e+03 	 9.41817350e+03 	 2.03010265e+02 	 -9.39711532e+01 
11.700000 	 2.90727639e+03 	 9.40874385e+03 	 2.02298219e+02 	 -9.46204967e+01 
11.800000 	 2.92747066e+03 	 9.39924940e+03 	 2.01587926e+02 	 -9.52672124e+01 
11.900000 	 2.94759398e+03 	 9.38969041e+03 	 2.00879379e+02 	 -9.59113018e+01 
12.000000 	 2.96764653e+03 	 9.38006714e+03 	 2.00172570e+02 	 -9.65527668e+01 
12.100000 	 2.98762849e+03 	 9.37037985e+03 	 1.99467494e+02 	 -9.71916088e+01 
12.200000 	 3.00754003e+03 	 9.36062882e+03 	 1.98764143e+02 	 -9.78278295e+01 
12.300000 	 3.02738132e+03 	 9.35081429e+03 	 1.98062512e+02 	 -9.84614304e+01 
12.400000 	 3.04715253e+03 	 9.34093653e+03 	 1.97362593e+02 	 -9.90924130e+01 
12.500000 	 3.06685384e+03 	 9.33099580e+03 	 1.96664381e+02 	 -9.97207789e+01 
12.600000 	 3.08648541e+03 	 9.32099237e+03 	 1.95967869e+02 	 -1.00346529e+02 
12.700000 	 3.10604741e+03 	 9.31092650e+03 	 1.95273051e+02 	 -1.00969666e+02 
12.800000 	 3.12554002e+03 	 9.30079844e+03 	 1.94579921e+02 	 -1.01590190e+02 
12.900000 	 3.14496339e+03 	 9.29060846e+03 	 1.93888472e+02 	 -1.02208103e+02 
13.000000 	 3.16431771e+03 	 9.28035682e+03 	 1.93198699e+02 	 -1.02823406e+02 
13.100000 	 3.18360313e+03 	 9.27004378e+03 	 1.92510595e+02 	 -1.03436101e+02 
13.200000 	 3.20281983e+03 	 9.25966960e+03 	 1.91824155e+02 	 -1.04046189e+02 
13.300000 	 3.22196796e+03 	 9.24923454e+03 	 1.91139373e+02 	 -1.04653671e+02 
13.400000 	 3.24104770e+03 	 9.23873886e+03 	 1.90456244e+02 	 -1.05258549e+02 
13.500000 	 3.26005921e+03 	 9.22818283e+03 	 1.89774760e+02 	 -1.05860823e+02 
13.600000 	 3.27900266e+03 	 9.21756670e+03 	 1.89094917e+02 	 -1.06460495e+02 
13.700000 	 3.29787820e+03 	 9.20689073e+03 	 1.88416710e+02 	 -1.07057566e+02 
13.800000 	 3.31668600e+03 	 9.19615519e+03 	 1.87740131e+02 	 -1.07652037e+02 
13.900000 	 3.33542622e+03 	 9.18536032e+03 	 1.87065177e+02 	 -1.08243909e+02 
14.000000 	 3.35409903e+03 	 9.17450640e+03 	 1.86391842e+02 	 -1.08833185e+02 
14.100000 	 3.37270459e+03 	 9.16359369e+03 	 1.85720120e+02 	 -1.09419863e+02 
14.200000 	 3.39124306e+03 	 9.15262243e+03 	 1.85050006e+02 	 -1.10003947e+02 
14.300000 	 3.40971459e+03 	 9.14159290e+03 	 1.84381495e+02 	 -1.10585436e+02 
14.400000 	 3.42811936e+03 	 9.13050534e+03 	 1.83714581e+02 	 -1.11164332e+02 
14.500000 	 3.44645751e+03 	 9.11936003e+03 	 1.83049260e+02 	 -1.11740636e+02 
14.600000 	 3.46472921e+03 	 9.10815722e+03 	 1.82385526e+02 	 -1.12314349e+02 
14.700000 	 3.48293461e+03 	 9.09689716e+03 	 1.81723374e+02 	 -1.12885472e+02 
14.800000 	 3.50107388e+03 	 9.08558012e+03 	 1.81062800e+02 	 -1.13454006e+02 
14.900000 	 3.51914717e+03 	 9.07420636e+03 	 1.80403799e+02 	 -1.14019951e+02 
15.000000 	 3.53715464e+03 	 9.06277613e+03 	 1.79746365e+02 	 -1.14583309e+02 
15.100000 	 3.55509645e+03 	 9.05128970e+03 	 1.79090494e+02 	 -1.15144081e+02 
15.200000 	 3.57297274e+03 	 9.03974732e+03 	 1.78436181e+02 	 -1.15702268e+02 
15.300000 	 3.59078368e+03 	 9.02814924e+03 	 1.77783422e+02 	 -1.16257870e+02 
15.400000 	 3.60852942e+03 	 9.01649574e+03 	 1.77132211e+02 	 -1.16810888e+02 
15.500000 	 3.62621012e+03 	 9.00478707e+03 	 1.76482545e+02 	 -1.17361324e+02 
15.600000 	 3.64382593e+03 	 8.99302348e+03 	 1.75834418e+02 	 -1.17909178e+02 
15.700000 	 3.66137701e+03 	 8.98120523e+03 	 1.75187827e+02 	 -1.18454451e+02 
15.800000 	 3.67886350e+03 	 8.96933259e+03 	 1.74542766e+02 	 -1.18997144e+02 
15.900000 	 3.69628556e+03 	 8.95740580e+03 	 1.73899232e+02 	 -1.19537258e+02 
16.000000 	 3.71364334e+03 	 8.94542513e+03 	 1.73257220e+02 	 -1.20074793e+02 
16.100000 	 3.73093700e+03 	 8.93339084e+03 	 1.72616726e+02 	 -1.20609750e+02 
16.200000 	 3.74816669e+03 	 8.92130318e+03 	 1.71977746e+02 	 -1.21142131e+02 
16.300000 	 3.76533255e+03 	 8.90916242e+03 	 1.71340274e+02 	 -1.21671935e+02 
16.400000 	 3.78243474e+03 	 8.89696880e+03 	 1.70704309e+02 	 -1.22199164e+02 
16.500000 	 3.79947341e+03 	 8.88472258e+03 	 1.70069844e+02 	 -1.22723819e+02 
16.600000 	 3.81644871e+03 	 8.87242403e+03 	 1.69436877e+02 	 -1.23245900e+02 
16.700000 	 3.83336079e+03 	 8.86007340e+03 	 1.68805403e+02 	 -1.23765408e+02 
16.800000 	 3.85020979e+03 	 8.84767095e+03 	 1.68175418e+02 	 -1.24282344e+02 
16.900000 	 3.86699587e+03 	 8.83521693e+03 	 1.67546918e+02 	 -1.24796708e+02 
17.000000 	 3.88371918e+03 	 8.82271161e+03 	 1.66919901e+02 	 -1.25308501e+02 
17.100000 	 3.90037985e+03 	 8.81015523e+03 	 1.66294361e+02 	 -1.25817725e+02 
17.200000 	 3.91697805e+03 	 8.79754806e+03 	 1.65670295e+02 	 -1.26324379e+02 
17.300000 	 3.93351391e+03 	 8.78489036e+03 	 1.65047699e+02 	 -1.26828464e+02 
17.400000 	 3.94998759e+03 	 8.77218237e+03 	 1.64426571e+02 	 -1.27329982e+02 
17.500000 	 3.96639922e+03 	 8.75942436e+03 	 1.63806905e+02 	 -1.27828932e+02 
17.600000 	 3.98274897e+03 	 8.74661658e+03 	 1.63188699e+02 	 -1.28325316e+02 
17.700000 	 3.99903696e+03 	 8.73375930e+03 	 1.62571948e+02 	 -1.28819135e+02 
17.800000 	 4.01526336e+03 	 8.72085276e+03 	 1.61956651e+02 	 -1.29310388e+02 
17.900000 	 4.03142829e+03 	 8.70789722e+03 	 1.61342802e+02 	 -1.29799077e+02 
18.000000 	 4.04753192e+03 	 8.69489294e+03 	 1.60730399e+02 	 -1.30285203e+02 
18.100000 	 4.06357437e+03 	 8.68184018e+03 	 1.60119439e+02 	 -1.30768765e+02 
18.200000 	 4.07955581e+03 	 8.66873919e+03 	 1.59509917e+02 	 -1.31249765e+02 
18.300000 	 4.09547636e+03 	 8.65559023e+03 	 1.58901831e+02 	 -1.31728204e+02 
18.400000 	 4.11133617e+03 	 8.64239355e+03 	 1.58295178e+02 	 -1.32204082e+02 
18.500000 	 4.12713539e+03 	 8.62914941e+03 	 1.57689955e+02 	 -1.32677400e+02 
18.600000 	 4.14287416e+03 	 8.61585807e+03 	 1.57086157e+02 	 -1.33148159e+02 
18.700000 	 4.15855262e+03 	 8.60251978e+03 	 1.56483783e+02 	 -1.33616359e+02 
18.800000 	 4.17417092e+03 	 8.58913480e+03 	 1.55882829e+02 	 -1.34082000e+02 
18.900000 	 4.18972919e+03 	 8.57570338e+03 	 1.55283291e+02 	 -1.34545085e+02 
19.000000 	 4.20522758e+03 	 8.56222578e+03 	 1.54685168e+02 	 -1.35005613e+02 
19.100000 	 4.22066622e+03 	 8.54870225e+03 	 1.54088456e+02 	 -1.35463585e+02 
19.200000 	 4.23604527e+03 	 8.53513306e+03 	 1.53493153e+02 	 -1.35919002e+02 
19.300000 	 4.25136485e+03 	 8.52151845e+03 	 1.52899254e+02 	 -1.36371865e+02 
19.400000 	 4.26662512e+03 	 8.50785869e+03 	 1.52306759e+02 	 -1.36822174e+02 
19.500000 	 4.28182620e+03 	 8.49415402e+03 	 1.51715663e+02 	 -1.37269930e+02 
19.600000 	 4.29696825e+03 	 8.48040470e+03 	 1.51125964e+02 	 -1.37715133e+02 
19.700000 	 4.31205140e+03 	 8.46661099e+03 	 1.50537659e+02 	 -1.38157785e+02 
19.800000 	 4.32707578e+03 	 8.45277314e+03 	 1.49950746e+02 	 -1.38597887e+02 
19.900000 	 4.34204155e+03 	 8.43889141e+03 	 1.49365222e+02 	 -1.39035439e+02 
20.000000 	 4.35694883e+03 	 8.42496606e+03 	 1.48781085e+02 	 -1.39470441e+02 
20.100000 	 4.37179776e+03 	 8.41099733e+03 	 1.48198331e+02 	 -1.39902895e+02 
20.200000 	 4.38658849e+03 	 8.39698548e+03 	 1.47616959e+02 	 -1.40332801e+02 
20.300000 	 4.40132115e+03 	 8.38293077e+03 	 1.47036965e+02 	 -1.40760160e+02 
20.400000 	 4.41599589e+03 	 8.36883345e+03 	 1.46458348e+02 	 -1.41184973e+02 
20.500000 	 4.43061282e+03 	 8.35469377e+03 	 1.45881104e+02 	 -1.41607241e+02 
20.600000 	 4.44517211e+03 	 8.34051200e+03 	 1.45305232e+02 	 -1.42026965e+02 
20.700000 	 4.45967387e+03 	 8.32628838e+03 	 1.44730730e+02 	 -1.42444145e+02 
20.800000 	 4.47411825e+03 	 8.31202317e+03 	 1.44157594e+02 	 -1.42858782e+02 
20.900000 	 4.48850539e+03 	 8.29771662e+03 	 1.43585823e+02 	 -1.43270877e+02 
21.000000 	 4.50283542e+03 	 8.28336899e+03 	 1.43015414e+02 	 -1.43680431e+02 
21.100000 	 4.51710847e+03 	 8.26898053e+03 	 1.42446365e+02 	 -1.44087444e+02 
21.200000 	 4.53132469e+03 	 8.25455150e+03 	 1.41878674e+02 	 -1.44491918e+02 
21.300000 	 4.54548421e+03 	 8.24008215e+03 	 1.41312339e+02 	 -1.44893854e+02 
21.400000 	 4.55958716e+03 	 8.22557273e+03 	 1.40747357e+02 	 -1.45293252e+02 
21.500000 	 4.57363368e+03 	 8.21102350e+03 	 1.40183727e+02 	 -1.45690114e+02 
21.600000 	 4.58762390e+03 	 8.19643471e+03 	 1.39621446e+02 	 -1.46084440e+02 
21.700000 	 4.60155797e+03 	 8.18180661e+03 	 1.39060513e+02 	 -1.46476231e+02 
21.800000 	 4.61543600e+03 	 8.16713946e+03 	 1.38500925e+02 	 -1.46865488e+02 
21.900000 	 4.62925815e+03 	 8.15243351e+03 	 1.37942681e+02 	 -1.47252212e+02 
22.000000 	 4.64302454e+03 	 8.13768902e+03 	 1.37385778e+02 	 -1.47636404e+02 
22.100000 	 4.65673531e+03 	 8.12290623e+03 	 1.36830214e+02 	 -1.48018066e+02 
22.200000 	 4.67039058e+03 	 8.10808541e+03 	 1.36275989e+02 	 -1.48397197e+02 
22.300000 	 4.68399050e+03 	 8.09322679e+03 	 1.35723099e+02 	 -1.48773800e+02 
22.400000 	 4.69753520e+03 	 8.07833065e+03 	 1.35171543e+02 	 -1.49147875e+02 
22.500000 	 4.71102481e+03 	 8.06339722e+03 	 1.34621319e+02 	 -1.49519423e+02 
22.600000 	 4.72445947e+03 	 8.04842676e+03 	 1.34072426e+02 	 -1.49888445e+02 
22.700000 	 4.73783930e+03 	 8.03341953e+03 	 1.33524861e+02 	 -1.50254943e+02 
22.800000 	 4.75116444e+03 	 8.01837577e+03 	 1.32978624e+02 	 -1.50618918e+02 
22.900000 	 4.76443502e+03 	 8.00329575e+03 	 1.32433712e+02 	 -1.50980370e+02 
23.000000 	 4.77765118e+03 	 7.98817970e+03 	 1.31890123e+02 	 -1.51339301e+02 
23.100000 	 4.79081305e+03 	 7.97302788e+03 	 1.31347856e+02 	 -1.51695713e+02 
23.200000 	 4.80392075e+03 	 7.95784056e+03 	 1.30806910e+02 	 -1.52049605e+02 
23.300000 	 4.81697443e+03 	 7.94261796e+03 	 1.30267283e+02 	 -1.52400980e+02 
23.400000 	 4.82997421e+03 	 7.92736036e+03 	 1.29728973e+02 	 -1.52749839e+02 
23.500000 	 4.84292022e+03 	 7.91206800e+03 	 1.29191978e+02 	 -1.53096182e+02 
23.600000 	 4.85581260e+03 	 7.89674112e+03 	 1.28656298e+02 	 -1.53440012e+02 
23.700000 	 4.86865148e+03 	 7.88137999e+03 	 1.28121931e+02 	 -1.53781329e+02 
23.800000 	 4.88143699e+03 	 7.86598486e+03 	 1.27588875e+02 	 -1.54120135e+02 
23.900000 	 4.89416926e+03 	 7.85055597e+03 	 1.27057129e+02 	 -1.54456431e+02 
24.000000 	 4.90684841e+03 	 7.83509357e+03 	 1.26526691e+02 	 -1.54790219e+02 
24.100000 	 4.91947459e+03 	 7.81959792e+03 	 1.25997561e+02 	 -1.55121500e+02 
24.200000 	 4.93204793e+03 	 7.80406927e+03 	 1.25469736e+02 	 -1.55450275e+02 
24.300000 	 4.94456854e+03 	 7.78850787e+03 	 1.24943215e+02 	 -1.55776545e+02 
24.400000 	 4.95703657e+03 	 7.77291396e+03 	 1.24417998e+02 	 -1.56100313e+02 
24.500000 	 4.96945214e+03 	 7.75728780e+03 	 1.23894083e+02 	 -1.56421580e+02 
24.600000 	 4.98181539e+03 	 7.74162965e+03 	 1.23371468e+02 	 -1.56740347e+02 
24.700000 	 4.99412643e+03 	 7.72593973e+03 	 1.22850152e+02 	 -1.57056615e+02 
24.800000 	 5.00638542e+03 	 7.71021832e+03 	 1.22330135e+02 	 -1.57370387e+02 
24.900000 	 5.01859246e+03 	 7.69446566e+03 	 1.21811414e+02 	 -1.57681664e+02 
25.000000 	 5.03074770e+03 	 7.67868199e+03 	 1.21293989e+02 	 -1.57990447e+02 
25.100000 	 5.04285126e+03 	 7.66286757e+03 	 1.20777859e+02 	 -1.58296738e+02 
25.200000 	 5.05490327e+03 	 7.64702264e+03 	 1.20263022e+02 	 -1.58600539e+02 
25.300000 	 5.06690386e+03 	 7.63114746e+03 	 1.19749478e+02 	 -1.58901852e+02 
25.400000 	 5.07885317e+03 	 7.61524227e+03 	 1.19237225e+02 	 -1.59200677e+02 
25.500000 	 5.09075131e+03 	 7.59930732e+03 	 1.18726262e+02 	 -1.59497017e+02 
25.600000 	 5.10259842e+03 	 7.58334287e+03 	 1.18216588e+02 	 -1.59790874e+02 
25.700000 	 5.11439463e+03 	 7.56734915e+03 	 1.17708202e+02 	 -1.60082250e+02 
25.800000 	 5.12614006e+03 	 7.55132642e+03 	 1.17201103e+02 	 -1.60371145e+02 
25.900000 	 5.13783485e+03 	 7.53527492e+03 	 1.16695290e+02 	 -1.60657563e+02 
26.000000 	 5.14947912e+03 	 7.51919490e+03 	 1.16190762e+02 	 -1.60941505e+02 
26.100000 	 5.16107300e+03 	 7.50308662e+03 	 1.15687519e+02 	 -1.61222972e+02 
26.200000 	 5.17261662e+03 	 7.48695031e+03 	 1.15185559e+02 	 -1.61501968e+02 
26.300000 	 5.18411011e+03 	 7.47078622e+03 	 1.14684881e+02 	 -1.61778493e+02 
26.400000 	 5.19555360e+03 	 7.45459461e+03 	 1.14185484e+02 	 -1.62052550e+02 
26.500000 	 5.20694721e+03 	 7.43837571e+03 	 1.13687368e+02 	 -1.62324140e+02 
26.600000 	 5.21829107e+03 	 7.42212978e+03 	 1.13190531e+02 	 -1.62593267e+02 
26.700000 	 5.22958531e+03 	 7.40585706e+03 	 1.12694973e+02 	 -1.62859931e+02 
26.800000 	 5.24083006e+03 	 7.38955780e+03 	 1.12200694e+02 	 -1.63124136e+02 
26.900000 	 5.25202545e+03 	 7.37323223e+03 	 1.11707691e+02 	 -1.63385883e+02 
27.000000 	 5.26317160e+03 	 7.35688062e+03 	 1.11215964e+02 	 -1.63645174e+02 
27.100000 	 5.27426864e+03 	 7.34050320e+03 	 1.10725514e+02 	 -1.63902011e+02 
27.200000 	 5.28531670e+03 	 7.32410022e+03 	 1.10236337e+02 	 -1.64156398e+02 
27.300000 	 5.29631591e+03 	 7.30767192e+03 	 1.09748435e+02 	 -1.64408335e+02 
27.400000 	 5.30726639e+03 	 7.29121855e+03 	 1.09261806e+02 	 -1.64657826e+02 
27.500000 	 5.31816827e+03 	 7.27474035e+03 	 1.08776450e+02 	 -1.64904873e+02 
27.600000 	 5.32902168e+03 	 7.25823757e+03 	 1.08292366e+02 	 -1.65149478e+02 
27.700000 	 5.33982674e+03 	 7.24171046e+03 	 1.07809552e+02 	 -1.65391644e+02 
27.800000 	 5.35058359e+03 	 7.22515925e+03 	 1.07328009e+02 	 -1.65631372e+02 
27.900000 	 5.36129235e+03 	 7.20858418e+03 	 1.06847736e+02 	 -1.65868666e+02 
28.000000 	 5.37195314e+03 	 7.19198551e+03 	 1.06368732e+02 	 -1.66103528e+02 
28.100000 	 5.38256609e+03 	 7.17536348e+03 	 1.05890997e+02 	 -1.66335961e+02 
28.200000 	 5.39313134e+03 	 7.15871832e+03 	 1.05414529e+02 	 -1.66565966e+02 
28.300000 	 5.40364900e+03 	 7.14205028e+03 	 1.04939329e+02 	 -1.66793547e+02 
28.400000 	 5.41411920e+03 	 7.12535961e+03 	 1.04465395e+02 	 -1.67018707e+02 
28.500000 	 5.42454208e+03 	 7.10864654e+03 	 1.03992727e+02 	 -1.67241448e+02 
28.600000 	 5.43491775e+03 	 7.09191132e+03 	 1.03521325e+02 	 -1.67461772e+02 
28.700000 	 5.44524634e+03 	 7.07515419e+03 	 1.03051188e+02 	 -1.67679684e+02 
28.800000 	 5.45552799e+03 	 7.05837538e+03 	 1.02582315e+02 	 -1.67895184e+02 
28.900000 	 5.46576280e+03 	 7.04157515e+03 	 1.02114706e+02 	 -1.68108277e+02 
29.000000 	 5.47595093e+03 	 7.02475373e+03 	 1.01648360e+02 	 -1.68318964e+02 
29.100000 	 5.48609248e+03 	 7.00791136e+03 	 1.01183276e+02 	 -1.68527250e+02 
29.200000 	 5.49618758e+03 	 6.99104828e+03 	 1.00719456e+02 	 -1.68733136e+02 
29.300000 	 5.50623637e+03 	 6.97416473e+03 	 1.00256896e+02 	 -1.68936627e+02 
29.400000 	 5.51623896e+03 	 6.95726095e+03 	 9.97955984e+01 	 -1.69137724e+02 
29.500000 	 5.52619549e+03 	 6.94033718e+03 	 9.93355612e+01 	 -1.69336431e+02 
29.600000 	 5.53610607e+03 	 6.92339367e+03 	 9.88767843e+01 	 -1.69532751e+02 
29.700000 	 5.54597084e+03 	 6.90643063e+03 	 9.84192672e+01 	 -1.69726687e+02 
29.800000 	 5.55578993e+03 	 6.88944833e+03 	 9.79630094e+01 	 -1.69918243e+02 
29.900000 	 5.56556345e+03 	 6.87244698e+03 	 9.75080106e+01 	 -1.70107421e+02 
30.000000 	 5.57529153e+03 	 6.85542684e+03 	 9.70542703e+01 	 -1.70294225e+02 
30.100000 	 5.58497430e+03 	 6.83838814e+03 	 9.66017881e+01 	 -1.70478658e+02 
30.200000 	 5.59461189e+03 	 6.82133111e+03 	 9.61505634e+01 	 -1.70660724e+02 
30.300000 	 5.60420441e+03 	 6.80425599e+03 	 9.57005960e+01 	 -1.70840425e+02 
30.400000 	 5.61375200e+03 	 6.78716303e+03 	 9.52518854e+01 	 -1.71017765e+02 
30.500000 	 5.62325479e+03 	 6.77005244e+03 	 9.48044313e+01 	 -1.71192748e+02 
30.600000 	 5.63271289e+03 	 6.75292448e+03 	 9.43582331e+01 	 -1.71365377e+02 
30.700000 	 5.64212644e+03 	 6.73577937e+03 	 9.39132906e+01 	 -1.71535656e+02 
30.800000 	 5.65149555e+03 	 6.71861734e+03 	 9.34696034e+01 	 -1.71703587e+02 
30.900000 	 5.66082036e+03 	 6.70143865e+03 	 9.30271711e+01 	 -1.71869176e+02 
31.000000 	 5.67010098e+03 	 6.68424351e+03 	 9.25859933e+01 	 -1.72032425e+02 
31.100000 	 5.67933755e+03 	 6.66703216e+03 	 9.21460696e+01 	 -1.72193337e+02 
31.200000 	 5.68853020e+03 	 6.64980484e+03 	 9.17073998e+01 	 -1.72351918e+02 
31.300000 	 5.69767903e+03 	 6.63256178e+03 	 9.12699834e+01 	 -1.72508170e+02 
31.400000 	 5.70678419e+03 	 6.61530321e+03 	 9.08338202e+01 	 -1.72662098e+02 
31.500000 	 5.71584580e+03 	 6.59802936e+03 	 9.03989097e+01 	 -1.72813705e+02 
31.600000 	 5.72486397e+03 	 6.58074047e+03 	 8.99652517e+01 	 -1.72962995e+02 
31.700000 	 5.73383885e+03 	 6.56343676e+03 	 8.95328459e+01 	 -1.73109972e+02 
31.800000 	 5.74277054e+03 	 6.54611847e+03 	 8.91016918e+01 	 -1.73254640e+02 
31.900000 	 5.75165919e+03 	 6.52878583e+03 	 8.86717892e+01 	 -1.73397003e+02 
32.000000 	 5.76050490e+03 	 6.51143907e+03 	 8.82431377e+01 	 -1.73537065e+02 
32.100000 	 5.76930781e+03 	 6.49407842e+03 	 8.78157371e+01 	 -1.73674830e+02 
32.200000 	 5.77806805e+03 	 6.47670410e+03 	 8.73895870e+01 	 -1.73810302e+02 
32.300000 	 5.78678573e+03 	 6.45931636e+03 	 8.69646871e+01 	 -1.73943486e+02 
32.400000 	 5.79546099e+03 	 6.44191541e+03 	 8.65410372e+01 	 -1.74074386e+02 
32.500000 	 5.80409394e+03 	 6.42450148e+03 	 8.61186368e+01 	 -1.74203005e+02 
32.600000 	 5.81268471e+03 	 6.40707481e+03 	 8.56974858e+01 	 -1.74329349e+02 
32.700000 	 5.82123343e+03 	 6.38963561e+03 	 8.52775838e+01 	 -1.74453421e+02 
32.800000 	 5.82974023e+03 	 6.37218412e+03 	 8.48589305e+01 	 -1.74575226e+02 
32.900000 	 5.83820522e+03 	 6.35472056e+03 	 8.44415256e+01 	 -1.74694769e+02 
33.000000 	 5.84662853e+03 	 6.33724517e+03 	 8.40253689e+01 	 -1.74812053e+02 
33.100000 	 5.85501029e+03 	 6.31975815e+03 	 8.36104599e+01 	 -1.74927084e+02 
33.200000 	 5.86335063e+03 	 6.30225975e+03 	 8.31967986e+01 	 -1.75039866e+02 
33.300000 	 5.87164965e+03 	 6.28475018e+03 	 8.27843845e+01 	 -1.75150403e+02 
33.400000 	 5.87990750e+03 	 6.26722967e+03 	 8.23732173e+01 	 -1.75258701e+02 
33.500000 	 5.88812430e+03 	 6.24969844e+03 	 8.19632968e+01 	 -1.75364763e+02 
33.600000 	 5.89630016e+03 	 6.23215672e+03 	 8.15546227e+01 	 -1.75468595e+02 
33.700000 	 5.90443522e+03 	 6.21460472e+03 	 8.11471947e+01 	 -1.75570202e+02 
33.800000 	 5.91252960e+03 	 6.19704268e+03 	 8.07410125e+01 	 -1.75669587e+02 
33.900000 	 5.92058342e+03 	 6.17947080e+03 	 8.03360758e+01 	 -1.75766757e+02 
34.000000 	 5.92859682e+03 	 6.16188932e+03 	 7.99323843e+01 	 -1.75861716e+02 
34.100000 	 5.93656990e+03 	 6.14429846e+03 	 7.95299377e+01 	 -1.75954468e+02 
34.200000 	 5.94450280e+03 	 6.12669843e+03 	 7.91287358e+01 	 -1.76045019e+02 
34.300000 	 5.95239565e+03 	 6.10908946e+03 	 7.87287782e+01 	 -1.76133375e+02 
34.400000 	 5.96024856e+03 	 6.09147176e+03 	 7.83300647e+01 	 -1.76219539e+02 
34.500000 	 5.96806166e+03 	 6.07384555e+03 	 7.79325948e+01 	 -1.76303517e+02 
34.600000 	 5.97583508e+03 	 6.05621105e+03 	 7.75363684e+01 	 -1.76385315e+02 
34.700000 	 5.98356893e+03 	 6.03856848e+03 	 7.71413852e+01 	 -1.76464937e+02 
34.800000 	 5.99126335e+03 	 6.02091806e+03 	 7.67476448e+01 	 -1.76542388e+02 
34.900000 	 5.99891846e+03 	 6.00326001e+03 	 7.63551468e+01 	 -1.76617675e+02 
35.000000 	 6.00653438e+03 	 5.98559453e+03 	 7.59638911e+01 	 -1.76690802e+02 
35.100000 	 6.01411124e+03 	 5.96792185e+03 	 7.55738773e+01 	 -1.76761774e+02 
35.200000 	 6.02164916e+03 	 5.95024217e+03 	 7.51851050e+01 	 -1.76830598e+02 
35.300000 	 6.02914826e+03 	 5.93255573e+03 	 7.47975740e+01 	 -1.76897278e+02 
35.400000 	 6.03660867e+03 	 5.91486272e+03 	 7.44112839e+01 	 -1.76961821e+02 
35.500000 	 6.04403052e+03 	 5.89716336e+03 	 7.40262344e+01 	 -1.77024230e+02 
35.600000 	 6.05141392e+03 	 5.87945787e+03 	 7.36424251e+01 	 -1.77084513e+02 
35.700000 	 6.05875900e+03 	 5.86174646e+03 	 7.32598558e+01 	 -1.77142675e+02 
35.800000 	 6.06606589e+03 	 5.84402934e+03 	 7.28785260e+01 	 -1.77198722e+02 
35.900000 	 6.07333471e+03 	 5.82630671e+03 	 7.24984355e+01 	 -1.77252658e+02 
36.000000 	 6.08056558e+03 	 5.80857880e+03 	 7.21195838e+01 	 -1.77304491e+02 
36.100000 	 6.08775862e+03 	 5.79084582e+03 	 7.17419707e+01 	 -1.77354225e+02 
36.200000 	 6.09491397e+03 	 5.77310796e+03 	 7.13655957e+01 	 -1.77401867e+02 
36.300000 	 6.10203174e+03 	 5.75536544e+03 	 7.09904584e+01 	 -1.77447422e+02 
36.400000 	 6.10911206e+03 	 5.73761847e+03 	 7.06165586e+01 	 -1.77490897e+02 
36.500000 	 6.11615506e+03 	 5.71986726e+03 	 7.02438958e+01 	 -1.77532297e+02 
36.600000 	 6.12316084e+03 	 5.70211201e+03 	 6.98724696e+01 	 -1.77571629e+02 
36.700000 	 6.13012955e+03 	 5.68435294e+03 	 6.95022797e+01 	 -1.77608898e+02 
36.800000 	 6.13706130e+03 	 5.66659023e+03 	 6.91333256e+01 	 -1.77644111e+02 
36.900000 	 6.14395621e+03 	 5.64882411e+03 	 6.87656070e+01 	 -1.77677273e+02 
37.000000 	 6.15081442e+03 	 5.63105478e+03 	 6.83991234e+01 	 -1.77708391e+02 
37.100000 	 6.15763604e+03 	 5.61328244e+03 	 6.80338743e+01 	 -1.77737471e+02 
37.200000 	 6.16442119e+03 	 5.59550728e+03 	 6.76698595e+01 	 -1.77764520e+02 
37.300000 	 6.17117001e+03 	 5.57772953e+03 	 6.73070784e+01 	 -1.77789543e+02 
37.400000 	 6.17788261e+03 	 5.55994938e+03 	 6.69455306e+01 	 -1.77812547e+02 
37.500000 	 6.18455912e+03 	 5.54216702e+03 	 6.65852156e+01 	 -1.77833539e+02 
37.600000 	 6.19119965e+03 	 5.52438267e+03 	 6.62261330e+01 	 -1.77852524e+02 
37.700000 	 6.19780434e+03 	 5.50659652e+03 	 6.58682824e+01 	 -1.77869509e+02 
37.800000 	 6.20437331e+03 	 5.48880877e+03 	 6.55116632e+01 	 -1.77884502e+02 
37.900000 	 6.21090668e+03 	 5.47101962e+03 	 6.51562749e+01 	 -1.77897508e+02 
38.000000 	 6.21740456e+03 	 5.45322926e+03 	 6.48021171e+01 	 -1.77908533e+02 
38.100000 	 6.22386710e+03 	 5.43543791e+03 	 6.44491893e+01 	 -1.77917585e+02 
38.200000 	 6.23029440e+03 	 5.41764575e+03 	 6.40974909e+01 	 -1.77924671e+02 
38.300000 	 6.23668660e+03 	 5.39985297e+03 	 6.37470215e+01 	 -1.77929796e+02 
38.400000 	 6.24304381e+03 	 5.38205979e+03 	 6.33977805e+01 	 -1.77932968e+02 
38.500000 	 6.24936615e+03 	 5.36426638e+03 	 6.30497673e+01 	 -1.77934193e+02 
38.600000 	 6.25565376e+03 	 5.34647295e+03 	 6.27029815e+01 	 -1.77933479e+02 
38.700000 	 6.26190675e+03 	 5.32867968e+03 	 6.23574224e+01 	 -1.77930832e+02 
38.800000 	 6.26812524e+03 	 5.31088678e+03 	 6.20130896e+01 	 -1.77926259e+02 
38.900000 	 6.27430937e+03 	 5.29309443e+03 	 6.16699823e+01 	 -1.77919767e+02 
39.000000 	 6.28045924e+03 	 5.27530283e+03 	 6.13281001e+01 	 -1.77911363e+02 
39.100000 	 6.28657499e+03 	 5.25751216e+03 	 6.09874423e+01 	 -1.77901054e+02 
39.200000 	 6.29265673e+03 	 5.23972262e+03 	 6.06480084e+01 	 -1.77888847e+02 
39.300000 	 6.29870459e+03 	 5.22193439e+03 	 6.03097977e+01 	 -1.77874749e+02 
39.400000 	 6.30471869e+03 	 5.20414767e+03 	 5.99728095e+01 	 -1.77858767e+02 
39.500000 	 6.31069915e+03 	 5.18636264e+03 	 5.96370432e+01 	 -1.77840909e+02 
39.600000 	 6.31664610e+03 	 5.16857948e+03 	 5.93024983e+01 	 -1.77821182e+02 
39.700000 	 6.32255965e+03 	 5.15079840e+03 	 5.89691740e+01 	 -1.77799593e+02 
39.800000 	 6.32843993e+03 	 5.13301957e+03 	 5.86370696e+01 	 -1.77776148e+02 
39.900000 	 6.33428706e+03 	 5.11524317e+03 	 5.83061844e+01 	 -1.77750857e+02 
40.000000 	 6.34010117e+03 	 5.09746939e+03 	 5.79765178e+01 	 -1.77723725e+02 
40.100000 	 6.34588237e+03 	 5.07969842e+03 	 5.76480691e+01 	 -1.77694760e+02 
40.200000 	 6.35163078e+03 	 5.06193044e+03 	 5.73208374e+01 	 -1.77663971e+02 
40.300000 	 6.35734653e+03 	 5.04416563e+03 	 5.69948222e+01 	 -1.77631363e+02 
40.400000 	 6.36302974e+03 	 5.02640417e+03 	 5.66700226e+01 	 -1.77596945e+02 
40.500000 	 6.36868054e+03 	 5.00864624e+03 	 5.63464379e+01 	 -1.77560725e+02 
40.600000 	 6.37429903e+03 	 4.99089202e+03 	 5.60240673e+01 	 -1.77522709e+02 
40.700000 	 6.37988535e+03 	 4.97314170e+03 	 5.57029100e+01 	 -1.77482905e+02 
40.800000 	 6.38543961e+03 	 4.95539544e+03 	 5.53829652e+01 	 -1.77441322e+02 
40.900000 	 6.39096194e+03 	 4.93765343e+03 	 5.50642322e+01 	 -1.77397966e+02 
41.000000 	 6.39645246e+03 	 4.91991585e+03 	 5.47467101e+01 	 -1.77352846e+02 
41.100000 	 6.40191129e+03 	 4.90218286e+03 	 5.44303980e+01 	 -1.77305969e+02 
41.200000 	 6.40733854e+03 	 4.88445466e+03 	 5.41152951e+01 	 -1.77257342e+02 
41.300000 	 6.41273434e+03 	 4.86673140e+03 	 5.38014005e+01 	 -1.77206975e+02 
41.400000 	 6.41809882e+03 	 4.84901326e+03 	 5.34887134e+01 	 -1.77154874e+02 
41.500000 	 6.42343209e+03 	 4.83130042e+03 	 5.31772329e+01 	 -1.77101048e+02 
41.600000 	 6.42873427e+03 	 4.81359305e+03 	 5.28669581e+01 	 -1.77045503e+02 
41.700000 	 6.43400548e+03 	 4.79589132e+03 	 5.25578880e+01 	 -1.76988250e+02 
41.800000 	 6.43924584e+03 	 4.77819540e+03 	 5.22500218e+01 	 -1.76929294e+02 
41.900000 	 6.44445548e+03 	 4.76050546e+03 	 5.19433584e+01 	 -1.76868645e+02 
42.000000 	 6.44963452e+03 	 4.74282167e+03 	 5.16378970e+01 	 -1.76806310e+02 
42.100000 	 6.45478306e+03 	 4.72514420e+03 	 5.13336364e+01 	 -1.76742297e+02 
42.200000 	 6.45990124e+03 	 4.70747321e+03 	 5.10305759e+01 	 -1.76676615e+02 
42.300000 	 6.46498918e+03 	 4.68980888e+03 	 5.07287143e+01 	 -1.76609271e+02 
42.400000 	 6.47004698e+03 	 4.67215136e+03 	 5.04280506e+01 	 -1.76540274e+02 
42.500000 	 6.47507479e+03 	 4.65450082e+03 	 5.01285838e+01 	 -1.76469632e+02 
42.600000 	 6.48007270e+03 	 4.63685743e+03 	 4.98303129e+01 	 -1.76397353e+02 
42.700000 	 6.48504085e+03 	 4.61922135e+03 	 4.95332368e+01 	 -1.76323446e+02 
42.800000 	 6.48997935e+03 	 4.60159274e+03 	 4.92373544e+01 	 -1.76247918e+02 
42.900000 	 6.49488832e+03 	 4.58397177e+03 	 4.89426647e+01 	 -1.76170777e+02 
43.000000 	 6.49976788e+03 	 4.56635858e+03 	 4.86491664e+01 	 -1.76092033e+02 
43.100000 	 6.50461815e+03 	 4.54875336e+03 	 4.83568586e+01 	 -1.76011694e+02 
43.200000 	 6.50943925e+03 	 4.53115625e+03 	 4.80657400e+01 	 -1.75929767e+02 
43.300000 	 6.51423130e+03 	 4.51356740e+03 	 4.77758096e+01 	 -1.75846262e+02 
43.400000 	 6.51899441e+03 	 4.49598699e+03 	 4.74870660e+01 	 -1.75761186e+02 
43.500000 	 6.52372871e+03 	 4.47841517e+03 	 4.71995083e+01 	 -1.75674549e+02 
43.600000 	 6.52843432e+03 	 4.46085208e+03 	 4.69131351e+01 	 -1.75586358e+02 
43.700000 	 6.53311134e+03 	 4.44329790e+03 	 4.66279453e+01 	 -1.75496623e+02 
43.800000 	 6.53775991e+03 	 4.42575276e+03 	 4.63439376e+01 	 -1.75405351e+02 
43.900000 	 6.54238013e+03 	 4.40821682e+03 	 4.60611108e+01 	 -1.75312551e+02 
44.000000 	 6.54697213e+03 	 4.39069025e+03 	 4.57794636e+01 	 -1.75218233e+02 
44.100000 	 6.55153602e+03 	 4.37317318e+03 	 4.54989947e+01 	 -1.75122403e+02 
44.200000 	 6.55607193e+03 	 4.35566577e+03 	 4.52197029e+01 	 -1.75025072e+02 
44.300000 	 6.56057996e+03 	 4.33816816e+03 	 4.49415868e+01 	 -1.74926247e+02 
44.400000 	 6.56506024e+03 	 4.32068052e+03 	 4.46646452e+01 	 -1.74825937e+02 
44.500000 	 6.56951289e+03 	 4.30320298e+03 	 4.43888766e+01 	 -1.74724152e+02 
44.600000 	 6.57393802e+03 	 4.28573569e+03 	 4.41142798e+01 	 -1.74620899e+02 
44.700000 	 6.57833575e+03 	 4.26827880e+03 	 4.38408533e+01 	 -1.74516188e+02 
44.800000 	 6.58270619e+03 	 4.25083245e+03 	 4.35685958e+01 	 -1.74410026e+02 
44.900000 	 6.58704946e+03 	 4.23339679e+03 	 4.32975058e+01 	 -1.74302424e+02 
45.000000 	 6.59136569e+03 	 4.21597196e+03 	 4.30275820e+01 	 -1.74193390e+02 
45.100000 	 6.59565498e+03 	 4.19855811e+03 	 4.27588229e+01 	 -1.74082932e+02 
45.200000 	 6.59991745e+03 	 4.18115538e+03 	 4.24912270e+01 	 -1.73971059e+02 
45.300000 	 6.60415323e+03 	 4.16376390e+03 	 4.22247930e+01 	 -1.73857781e+02 
45.400000 	 6.60836241e+03 	 4.14638382e+03 	 4.19595192e+01 	 -1.73743105e+02 
45.500000 	 6.61254513e+03 	 4.12901528e+03 	 4.16954042e+01 	 -1.73627042e+02 
45.600000 	 6.61670149e+03 	 4.11165841e+03 	 4.14324465e+01 	 -1.73509599e+02 
45.700000 	 6.62083162e+03 	 4.09431336e+03 	 4.11706445e+01 	 -1.73390786e+02 
45.800000 	 6.62493562e+03 	 4.07698025e+03 	 4.09099967e+01 	 -1.73270612e+02 
45.900000 	 6.62901362e+03 	 4.05965924e+03 	 4.06505015e+01 	 -1.73149085e+02 
46.000000 	 6.63306572e+03 	 4.04235044e+03 	 4.03921574e+01 	 -1.73026215e+02 
46.100000 	 6.63709205e+03 	 4.02505399e+03 	 4.01349627e+01 	 -1.72902011e+02 
46.200000 	 6.64109271e+03 	 4.00777003e+03 	 3.98789158e+01 	 -1.72776481e+02 
46.300000 	 6.64506783e+03 	 3.99049870e+03 	 3.96240151e+01 	 -1.72649635e+02 
46.400000 	 6.64901752e+03 	 3.97324011e+03 	 3.93702589e+01 	 -1.72521481e+02 
46.500000 	 6.65294188e+03 	 3.95599440e+03 	 3.91176457e+01 	 -1.72392028e+02 
46.600000 	 6.65684105e+03 	 3.93876170e+03 	 3.88661735e+01 	 -1.72261287e+02 
46.700000 	 6.66071512e+03 	 3.92154214e+03 	 3.86158409e+01 	 -1.72129265e+02 
46.800000 	 6.66456421e+03 	 3.90433585e+03 	 3.83666460e+01 	 -1.71995972e+02 
46.900000 	 6.66838845e+03 	 3.88714295e+03 	 3.81185872e+01 	 -1.71861416e+02 
47.000000 	 6.67218793e+03 	 3.86996357e+03 	 3.78716627e+01 	 -1.71725608e+02 
47.100000 	 6.67596278e+03 	 3.85279783e+03 	 3.76258706e+01 	 -1.71588556e+02 
47.200000 	 6.67971311e+03 	 3.83564585e+03 	 3.73812093e+01 	 -1.71450268e+02 
47.300000 	 6.68343902e+03 	 3.81850777e+03 	 3.71376769e+01 	 -1.71310755e+02 
47.400000 	 6.68714064e+03 	 3.80138370e+03 	 3.68952717e+01 	 -1.71170026e+02 
47.500000 	 6.69081808e+03 	 3.78427377e+03 	 3.66539917e+01 	 -1.71028089e+02 
47.600000 	 6.69447144e+03 	 3.76717808e+03 	 3.64138352e+01 	 -1.70884953e+02 
47.700000 	 6.69810084e+03 	 3.75009678e+03 	 3.61748002e+01 	 -1.70740629e+02 
47.800000 	 6.70170640e+03 	 3.73302996e+03 	 3.59368849e+01 	 -1.70595124e+02 
47.900000 	 6.70528822e+03 	 3.71597775e+03 	 3.57000874e+01 	 -1.70448449e+02 
48.000000 	 6.70884642e+03 	 3.69894027e+03 	 3.54644058e+01 	 -1.70300611e+02 
48.100000 	 6.71238110e+03 	 3.68191763e+03 	 3.52298381e+01 	 -1.70151622e+02 
48.200000 	 6.71589238e+03 	 3.66490994e+03 	 3.49963824e+01 	 -1.70001489e+02 
48.300000 	 6.71938038e+03 	 3.64791733e+03 	 3.47640367e+01 	 -1.69850222e+02 
48.400000 	 6.72284519e+03 	 3.63093990e+03 	 3.45327991e+01 	 -1.69697830e+02 
48.500000 	 6.72628694e+03 	 3.61397776e+03 	 3.43026675e+01 	 -1.69544322e+02 
48.600000 	 6.72970572e+03 	 3.59703103e+03 	 3.40736399e+01 	 -1.69389708e+02 
48.700000 	 6.73310166e+03 	 3.58009982e+03 	 3.38457144e+01 	 -1.69233997e+02 
48.800000 	 6.73647487e+03 	 3.56318423e+03 	 3.36188888e+01 	 -1.69077197e+02 
48.900000 	 6.73982544e+03 	 3.54628438e+03 	 3.33931611e+01 	 -1.68919319e+02 
49.000000 	 6.74315350e+03 	 3.52940037e+03 	 3.31685292e+01 	 -1.68760370e+02 
49.100000 	 6.74645915e+03 	 3.51253231e+03 	 3.29449911e+01 	 -1.68600362e+02 
49.200000 	 6.74974250e+03 	 3.49568030e+03 	 3.27225445e+01 	 -1.68439302e+02 
49.300000 	 6.75300366e+03 	 3.47884445e+03 	 3.25011875e+01 	 -1.68277200e+02 
49.400000 	 6.75624273e+03 	 3.46202486e+03 	 3.22809177e+01 	 -1.68114066e+02 
49.500000 	 6.75945984e+03 	 3.44522163e+03 	 3.20617332e+01 	 -1.67949907e+02 
49.600000 	 6.76265508e+03 	 3.42843488e+03 	 3.18436317e+01 	 -1.67784735e+02 
49.700000 	 6.76582857e+03 	 3.41166469e+03 	 3.16266110e+01 	 -1.67618557e+02 
49.800000 	 6.76898040e+03 	 3.39491116e+03 	 3.14106689e+01 	 -1.67451383e+02 
49.900000 	 6.77211070e+03 	 3.37817441e+03 	 3.11958032e+01 	 -1.67283223e+02 
50.000000 	 6.77521956e+03 	 3.36145452e+03 	 3.09820117e+01 	 -1.67114085e+02 
50.100000 	 6.77830710e+03 	 3.34475159e+03 	 3.07692921e+01 	 -1.66943979e+02 
50.200000 	 6.78137342e+03 	 3.32806572e+03 	 3.05576421e+01 	 -1.66772914e+02 
50.300000 	 6.78441863e+03 	 3.31139701e+03 	 3.03470594e+01 	 -1.66600898e+02 
50.400000 	 6.78744283e+03 	 3.29474554e+03 	 3.01375419e+01 	 -1.66427942e+02 
50.500000 	 6.79044614e+03 	 3.27811142e+03 	 2.99290870e+01 	 -1.66254055e+02 
50.600000 	 6.79342865e+03 	 3.26149473e+03 	 2.97216926e+01 	 -1.66079245e+02 
50.700000 	 6.79639048e+03 	 3.24489557e+03 	 2.95153562e+01 	 -1.65903522e+02 
50.800000 	 6.79933172e+03 	 3.22831403e+03 	 2.93100756e+01 	 -1.65726895e+02 
50.900000 	 6.80225249e+03 	 3.21175019e+03 	 2.91058482e+01 	 -1.65549373e+02 
51.000000 	 6.80515289e+03 	 3.19520415e+03 	 2.89026718e+01 	 -1.65370966e+02 
51.100000 	 6.80803303e+03 	 3.17867600e+03 	 2.87005440e+01 	 -1.65191682e+02 
51.200000 	 6.81089300e+03 	 3.16216582e+03 	 2.84994623e+01 	 -1.65011530e+02 
51.300000 	 6.81373292e+03 	 3.14567369e+03 	 2.82994242e+01 	 -1.64830520e+02 
51.400000 	 6.81655288e+03 	 3.12919971e+03 	 2.81004274e+01 	 -1.64648661e+02 
51.500000 	 6.81935300e+03 	 3.11274396e+03 	 2.79024694e+01 	 -1.64465962e+02 
51.600000 	 6.82213338e+03 	 3.09630652e+03 	 2.77055476e+01 	 -1.64282433e+02 
51.700000 	 6.82489411e+03 	 3.07988747e+03 	 2.75096597e+01 	 -1.64098081e+02 
51.800000 	 6.82763531e+03 	 3.06348690e+03 	 2.73148030e+01 	 -1.63912916e+02 
51.900000 	 6.83035707e+03 	 3.04710489e+03 	 2.71209752e+01 	 -1.63726948e+02 
52.000000 	 6.83305950e+03 	 3.03074151e+03 	 2.69281736e+01 	 -1.63540185e+02 
52.100000 	 6.83574271e+03 	 3.01439685e+03 	 2.67363957e+01 	 -1.63352637e+02 
52.200000 	 6.83840678e+03 	 2.99807099e+03 	 2.65456389e+01 	 -1.63164312e+02 
52.300000 	 6.84105183e+03 	 2.98176399e+03 	 2.63559007e+01 	 -1.62975219e+02 
52.400000 	 6.84367796e+03 	 2.96547594e+03 	 2.61671784e+01 	 -1.62785368e+02 
52.500000 	 6.84628527e+03 	 2.94920692e+03 	 2.59794695e+01 	 -1.62594768e+02 
52.600000 	 6.84887386e+03 	 2.93295699e+03 	 2.57927714e+01 	 -1.62403427e+02 
52.700000 	 6.85144382e+03 	 2.91672623e+03 	 2.56070814e+01 	 -1.62211354e+02 
52.800000 	 6.85399527e+03 	 2.90051472e+03 	 2.54223969e+01 	 -1.62018559e+02 
52.900000 	 6.85652830e+03 	 2.88432252e+03 	 2.52387152e+01 	 -1.61825050e+02 
53.000000 	 6.85904302e+03 	 2.86814971e+03 	 2.50560336e+01 	 -1.61630836e+02 
53.100000 	 6.86153951e+03 	 2.85199635e+03 	 2.48743495e+01 	 -1.61435926e+02 
53.200000 	 6.86401789e+03 	 2.83586252e+03 	 2.46936602e+01 	 -1.61240329e+02 
53.300000 	 6.86647824e+03 	 2.81974829e+03 	 2.45139630e+01 	 -1.61044054e+02 
53.400000 	 6.86892068e+03 	 2.80365371e+03 	 2.43352551e+01 	 -1.60847110e+02 
53.500000 	 6.87134529e+03 	 2.78757886e+03 	 2.41575338e+01 	 -1.60649505e+02 
53.600000 	 6.87375218e+03 	 2.77152381e+03 	 2.39807964e+01 	 -1.60451249e+02 
53.700000 	 6.87614145e+03 	 2.75548861e+03 	 2.38050401e+01 	 -1.60252349e+02 
53.800000 	 6.87851319e+03 	 2.73947334e+03 	 2.36302622e+01 	 -1.60052816e+02 
53.900000 	 6.88086750e+03 	 2.72347805e+03 	 2.34564598e+01 	 -1.59852657e+02 
54.000000 	 6.88320448e+03 	 2.70750281e+03 	 2.32836302e+01 	 -1.59651882e+02 
54.100000 	 6.88552423e+03 	 2.69154767e+03 	 2.31117705e+01 	 -1.59450499e+02 
54.200000 	 6.88782684e+03 	 2.67561271e+03 	 2.29408780e+01 	 -1.59248516e+02 
54.300000 	 6.89011241e+03 	 2.65969797e+03 	 2.27709498e+01 	 -1.59045943e+02 
54.400000 	 6.89238103e+03 	 2.64380352e+03 	 2.26019831e+01 	 -1.58842788e+02 
54.500000 	 6.89463280e+03 	 2.62792941e+03 	 2.24339750e+01 	 -1.58639060e+02 
54.600000 	 6.89686782e+03 	 2.61207571e+03 	 2.22669227e+01 	 -1.58434768e+02 
54.700000 	 6.89908619e+03 	 2.59624246e+03 	 2.21008233e+01 	 -1.58229919e+02 
54.800000 	 6.90128799e+03 	 2.58042972e+03 	 2.19356739e+01 	 -1.58024522e+02 
54.900000 	 6.90347332e+03 	 2.56463755e+03 	 2.17714716e+01 	 -1.57818587e+02 
55.000000 	 6.90564228e+03 	 2.54886601e+03 	 2.16082135e+01 	 -1.57612121e+02 
55.100000 	 6.90779496e+03 	 2.53311513e+03 	 2.14458967e+01 	 -1.57405133e+02 
55.200000 	 6.90993146e+03 	 2.51738498e+03 	 2.12845182e+01 	 -1.57197632e+02 
55.300000 	 6.91205187e+03 	 2.50167560e+03 	 2.11240752e+01 	 -1.56989625e+02 
55.400000 	 6.91415628e+03 	 2.48598705e+03 	 2.09645647e+01 	 -1.56781122e+02 
55.500000 	 6.91624478e+03 	 2.47031938e+03 	 2.08059837e+01 	 -1.56572131e+02 
55.600000 	 6.91831747e+03 	 2.45467263e+03 	 2.06483292e+01 	 -1.56362659e+02 
55.700000 	 6.92037445e+03 	 2.43904685e+03 	 2.04915983e+01 	 -1.56152716e+02 
55.800000 	 6.92241579e+03 	 2.42344208e+03 	 2.03357881e+01 	 -1.55942310e+02 
55.900000 	 6.92444160e+03 	 2.40785838e+03 	 2.01808954e+01 	 -1.55731448e+02 
56.000000 	 6.92645197e+03 	 2.39229579e+03 	 2.00269173e+01 	 -1.55520140e+02 
56.100000 	 6.92844699e+03 	 2.37675436e+03 	 1.98738508e+01 	 -1.55308394e+02 
56.200000 	 6.93042674e+03 	 2.36123412e+03 	 1.97216929e+01 	 -1.55096217e+02 
56.300000 	 6.93239132e+03 	 2.34573511e+03 	 1.95704405e+01 	 -1.54883617e+02 
56.400000 	 6.93434083e+03 	 2.33025739e+03 	 1.94200905e+01 	 -1.54670604e+02 
56.500000 	 6.93627534e+03 	 2.31480099e+03 	 1.92706401e+01 	 -1.54457185e+02 
56.600000 	 6.93819496e+03 	 2.29936595e+03 	 1.91220859e+01 	 -1.54243367e+02 
56.700000 	 6.94009976e+03 	 2.28395232e+03 	 1.89744252e+01 	 -1.54029160e+02 
56.800000 	 6.94198984e+03 	 2.26856012e+03 	 1.88276546e+01 	 -1.53814572e+02 
56.900000 	 6.94386529e+03 	 2.25318940e+03 	 1.86817712e+01 	 -1.53599609e+02 
57.000000 	 6.94572620e+03 	 2.23784020e+03 	 1.85367719e+01 	 -1.53384281e+02 
57.100000 	 6.94757264e+03 	 2.22251255e+03 	 1.83926535e+01 	 -1.53168594e+02 
57.200000 	 6.94940473e+03 	 2.20720648e+03 	 1.82494130e+01 	 -1.52952558e+02 
57.300000 	 6.95122253e+03 	 2.19192204e+03 	 1.81070473e+01 	 -1.52736179e+02 
57.400000 	 6.95302614e+03 	 2.17665925e+03 	 1.79655532e+01 	 -1.52519466e+02 
57.500000 	 6.95481564e+03 	 2.16141814e+03 	 1.78249276e+01 	 -1.52302426e+02 
57.600000 	 6.95659112e+03 	 2.14619876e+03 	 1.76851674e+01 	 -1.52085068e+02 
57.700000 	 6.95835267e+03 	 2.13100113e+03 	 1.75462694e+01 	 -1.51867399e+02 
57.800000 	 6.96010037e+03 	 2.11582528e+03 	 1.74082304e+01 	 -1.51649426e+02 
57.900000 	 6.96183432e+03 	 2.10067124e+03 	 1.72710475e+01 	 -1.51431157e+02 
58.000000 	 6.96355458e+03 	 2.08553905e+03 	 1.71347172e+01 	 -1.51212601e+02 
58.100000 	 6.96526126e+03 	 2.07042872e+03 	 1.69992366e+01 	 -1.50993764e+02 
58.200000 	 6.96695443e+03 	 2.05534030e+03 	 1.68646024e+01 	 -1.50774654e+02 
58.300000 	 6.96863418e+03 	 2.04027379e+03 	 1.67308115e+01 	 -1.50555279e+02 
58.400000 	 6.97030059e+03 	 2.02522924e+03 	 1.65978606e+01 	 -1.50335646e+02 
58.500000 	 6.97195375e+03 	 2.01020666e+03 	 1.64657466e+01 	 -1.50115762e+02 
58.600000 	 6.97359374e+03 	 1.99520609e+03 	 1.63344663e+01 	 -1.49895636e+02 
58.700000 	 6.97522065e+03 	 1.98022754e+03 	 1.62040165e+01 	 -1.49675273e+02 
58.800000 	 6.97683455e+03 	 1.96527103e+03 	 1.60743939e+01 	 -1.49454683e+02 
58.900000 	 6.97843552e+03 	 1.95033660e+03 	 1.59455954e+01 	 -1.49233872e+02 
59.000000 	 6.98002366e+03 	 1.93542426e+03 	 1.58176177e+01 	 -1.49012847e+02 
59.100000 	 6.98159905e+03 	 1.92053403e+03 	 1.56904577e+01 	 -1.48791616e+02 
59.200000 	 6.98316176e+03 	 1.90566593e+03 	 1.55641120e+01 	 -1.48570185e+02 
59.300000 	 6.98471187e+03 	 1.89081999e+03 	 1.54385776e+01 	 -1.48348563e+02 
59.400000 	 6.98624947e+03 	 1.87599622e+03 	 1.53138510e+01 	 -1.48126756e+02 
59.500000 	 6.98777464e+03 	 1.86119464e+03 	 1.51899292e+01 	 -1.47904771e+02 
59.600000 	 6.98928746e+03 	 1.84641527e+03 	 1.50668087e+01 	 -1.47682615e+02 
59.700000 	 6.99078800e+03 	 1.83165812e+03 	 1.49444865e+01 	 -1.47460295e+02 
59.800000 	 6.99227635e+03 	 1.81692321e+03 	 1.48229593e+01 	 -1.47237819e+02 
59.900000 	 6.99375259e+03 	 1.80221055e+03 	 1.47022237e+01 	 -1.47015193e+02 
60.000000 	 6.99521680e+03 	 1.78752017e+03 	 1.45822766e+01 	 -1.46792425e+02 
60.100000 	 6.99666905e+03 	 1.77285207e+03 	 1.44631147e+01 	 -1.46569520e+02 
60.200000 	 6.99810942e+03 	 1.75820627e+03 	 1.43447347e+01 	 -1.46346486e+02 
60.300000 	 6.99953799e+03 	 1.74358277e+03 	 1.42271333e+01 	 -1.46123330e+02 
60.400000 	 7.00095485e+03 	 1.72898160e+03 	 1.41103073e+01 	 -1.45900058e+02 
60.500000 	 7.00236006e+03 	 1.71440276e+03 	 1.39942535e+01 	 -1.45676677e+02 
60.600000 	 7.00375370e+03 	 1.69984626e+03 	 1.38789684e+01 	 -1.45453195e+02 
60.700000 	 7.00513585e+03 	 1.68531212e+03 	 1.37644490e+01 	 -1.45229616e+02 
60.800000 	 7.00650659e+03 	 1.67080034e+03 	 1.36506918e+01 	 -1.45005949e+02 
60.900000 	 7.00786599e+03 	 1.65631093e+03 	 1.35376936e+01 	 -1.44782199e+02 
61.000000 	 7.00921413e+03 	 1.64184390e+03 	 1.34254511e+01 	 -1.44558374e+02 
61.100000 	 7.01055108e+03 	 1.62739926e+03 	 1.33139610e+01 	 -1.44334479e+02 
61.200000 	 7.01187692e+03 	 1.61297700e+03 	 1.32032201e+01 	 -1.44110521e+02 
61.300000 	 7.01319172e+03 	 1.59857715e+03 	 1.30932251e+01 	 -1.43886506e+02 
61.400000 	 7.01449556e+03 	 1.58419970e+03 	 1.29839726e+01 	 -1.43662442e+02 
61.500000 	 7.01578852e+03 	 1.56984466e+03 	 1.28754594e+01 	 -1.43438333e+02 
61.600000 	 7.01707065e+03 	 1.55551204e+03 	 1.27676821e+01 	 -1.43214187e+02 
61.700000 	 7.01834205e+03 	 1.54120183e+03 	 1.26606376e+01 	 -1.42990010e+02 
61.800000 	 7.01960278e+03 	 1.52691403e+03 	 1.25543225e+01 	 -1.42765807e+02 
61.900000 	 7.02085292e+03 	 1.51264866e+03 	 1.24487335e+01 	 -1.42541585e+02 
62.000000 	 7.02209253e+03 	 1.49840572e+03 	 1.23438673e+01 	 -1.42317351e+02 
62.100000 	 7.02332169e+03 	 1.48418519e+03 	 1.22397206e+01 	 -1.42093109e+02 
62.200000 	 7.02454047e+03 	 1.46998710e+03 	 1.21362901e+01 	 -1.41868867e+02 
62.300000 	 7.02574895e+03 	 1.45581142e+03 	 1.20335726e+01 	 -1.41644630e+02 
62.400000 	 7.02694719e+03 	 1.44165817e+03 	 1.19315647e+01 	 -1.41420404e+02 
62.500000 	 7.02813526e+03 	 1.42752734e+03 	 1.18302631e+01 	 -1.41196195e+02 
62.600000 	 7.02931324e+03 	 1.41341893e+03 	 1.17296646e+01 	 -1.40972009e+02 
62.700000 	 7.03048119e+03 	 1.39933294e+03 	 1.16297658e+01 	 -1.40747852e+02 
62.800000 	 7.03163919e+03 	 1.38526936e+03 	 1.15305635e+01 	 -1.40523729e+02 
62.900000 	 7.03278731e+03 	 1.37122819e+03 	 1.14320544e+01 	 -1.40299646e+02 
63.000000 	 7.03392560e+03 	 1.35720943e+03 	 1.13342352e+01 	 -1.40075610e+02 
63.100000 	 7.03505415e+03 	 1.34321307e+03 	 1.12371025e+01 	 -1.39851625e+02 
63.200000 	 7.03617302e+03 	 1.32923911e+03 	 1.11406532e+01 	 -1.39627697e+02 
63.300000 	 7.03728228e+03 	 1.31528753e+03 	 1.10448838e+01 	 -1.39403832e+02 
63.400000 	 7.03838200e+03 	 1.30135834e+03 	 1.09497912e+01 	 -1.39180035e+02 
63.500000 	 7.03947224e+03 	 1.28745152e+03 	 1.08553721e+01 	 -1.38956312e+02 
63.600000 	 7.04055307e+03 	 1.27356708e+03 	 1.07616231e+01 	 -1.38732669e+02 
63.700000 	 7.04162457e+03 	 1.25970499e+03 	 1.06685409e+01 	 -1.38509110e+02 
63.800000 	 7.04268678e+03 	 1.24586525e+03 	 1.05761224e+01 	 -1.38285641e+02 
63.900000 	 7.04373979e+03 	 1.23204786e+03 	 1.04843643e+01 	 -1.38062267e+02 
64.000000 	 7.04478366e+03 	 1.21825280e+03 	 1.03932632e+01 	 -1.37838994e+02 
64.100000 	 7.04581844e+03 	 1.20448006e+03 	 1.03028158e+01 	 -1.37615826e+02 
64.200000 	 7.04684422e+03 	 1.19072964e+03 	 1.02130190e+01 	 -1.37392770e+02 
64.300000 	 7.04786105e+03 	 1.17700151e+03 	 1.01238695e+01 	 -1.37169830e+02 
64.400000 	 7.04886899e+03 	 1.16329567e+03 	 1.00353639e+01 	 -1.36947011e+02 
64.500000 	 7.04986812e+03 	 1.14961211e+03 	 9.94749909e+00 	 -1.36724318e+02 
64.600000 	 7.05085849e+03 	 1.13595081e+03 	 9.86027174e+00 	 -1.36501757e+02 
64.700000 	 7.05184017e+03 	 1.12231176e+03 	 9.77367861e+00 	 -1.36279332e+02 
64.800000 	 7.05281323e+03 	 1.10869494e+03 	 9.68771645e+00 	 -1.36057048e+02 
64.900000 	 7.05377772e+03 	 1.09510035e+03 	 9.60238202e+00 	 -1.35834911e+02 
65.000000 	 7.05473370e+03 	 1.08152796e+03 	 9.51767207e+00 	 -1.35612924e+02 
65.100000 	 7.05568125e+03 	 1.06797776e+03 	 9.43358337e+00 	 -1.35391093e+02 
65.200000 	 7.05662042e+03 	 1.05444974e+03 	 9.35011268e+00 	 -1.35169423e+02 
65.300000 	 7.05755127e+03 	 1.04094388e+03 	 9.26725676e+00 	 -1.34947918e+02 
65.400000 	 7.05847387e+03 	 1.02746016e+03 	 9.18501240e+00 	 -1.34726583e+02 
65.500000 	 7.05938828e+03 	 1.01399856e+03 	 9.10337636e+00 	 -1.34505422e+02 
65.600000 	 7.06029455e+03 	 1.00055907e+03 	 9.02234543e+00 	 -1.34284441e+02 
65.700000 	 7.06119274e+03 	 9.87141672e+02 	 8.94191640e+00 	 -1.34063643e+02 
65.800000 	 7.06208293e+03 	 9.73746343e+02 	 8.86208606e+00 	 -1.33843034e+02 
65.900000 	 7.06296516e+03 	 9.60373065e+02 	 8.78285120e+00 	 -1.33622617e+02 
66.000000 	 7.06383950e+03 	 9.47021819e+02 	 8.70420862e+00 	 -1.33402397e+02 
66.100000 	 7.06470600e+03 	 9.33692585e+02 	 8.62615513e+00 	 -1.33182379e+02 
66.200000 	 7.06556473e+03 	 9.20385343e+02 	 8.54868753e+00 	 -1.32962567e+02 
66.300000 	 7.06641574e+03 	 9.07100072e+02 	 8.47180265e+00 	 -1.32742964e+02 
66.400000 	 7.06725909e+03 	 8.93836750e+02 	 8.39549730e+00 	 -1.32523577e+02 
66.500000 	 7.06809484e+03 	 8.80595357e+02 	 8.31976832e+00 	 -1.32304407e+02 
66.600000 	 7.06892304e+03 	 8.67375869e+02 	 8.24461252e+00 	 -1.32085461e+02 
66.700000 	 7.06974376e+03 	 8.54178265e+02 	 8.17002675e+00 	 -1.31866741e+02 
66.800000 	 7.07055705e+03 	 8.41002521e+02 	 8.09600785e+00 	 -1.31648253e+02 
66.900000 	 7.07136296e+03 	 8.27848614e+02 	 8.02255267e+00 	 -1.31429999e+02 
67.000000 	 7.07216156e+03 	 8.14716521e+02 	 7.94965807e+00 	 -1.31211984e+02 
67.100000 	 7.07295290e+03 	 8.01606217e+02 	 7.87732090e+00 	 -1.30994213e+02 
67.200000 	 7.07373702e+03 	 7.88517678e+02 	 7.80553803e+00 	 -1.30776688e+02 
67.300000 	 7.07451400e+03 	 7.75450880e+02 	 7.73430633e+00 	 -1.30559414e+02 
67.400000 	 7.07528389e+03 	 7.62405796e+02 	 7.66362269e+00 	 -1.30342394e+02 
67.500000 	 7.07604673e+03 	 7.49382401e+02 	 7.59348399e+00 	 -1.30125633e+02 
67.600000 	 7.07680258e+03 	 7.36380669e+02 	 7.52388712e+00 	 -1.29909134e+02 
67.700000 	 7.07755150e+03 	 7.23400574e+02 	 7.45482899e+00 	 -1.29692901e+02 
67.800000 	 7.07829355e+03 	 7.10442089e+02 	 7.38630648e+00 	 -1.29476938e+02 
67.900000 	 7.07902877e+03 	 6.97505186e+02 	 7.31831653e+00 	 -1.29261248e+02 
68.000000 	 7.07975721e+03 	 6.84589839e+02 	 7.25085605e+00 	 -1.29045834e+02 
68.100000 	 7.08047894e+03 	 6.71696019e+02 	 7.18392196e+00 	 -1.28830700e+02 
68.200000 	 7.08119400e+03 	 6.58823699e+02 	 7.11751120e+00 	 -1.28615851e+02 
68.300000 	 7.08190244e+03 	 6.45972849e+02 	 7.05162071e+00 	 -1.28401289e+02 
68.400000 	 7.08260432e+03 	 6.33143441e+02 	 6.98624743e+00 	 -1.28187017e+02 
68.500000 	 7.08329969e+03 	 6.20335446e+02 	 6.92138834e+00 	 -1.27973039e+02 
68.600000 	 7.08398860e+03 	 6.07548833e+02 	 6.85704037e+00 	 -1.27759359e+02 
68.700000 	 7.08467110e+03 	 5.94783574e+02 	 6.79320052e+00 	 -1.27545980e+02 
68.800000 	 7.08534724e+03 	 5.82039638e+02 	 6.72986574e+00 	 -1.27332904e+02 
68.900000 	 7.08601707e+03 	 5.69316993e+02 	 6.66703304e+00 	 -1.27120136e+02 
69.000000 	 7.08668064e+03 	 5.56615610e+02 	 6.60469941e+00 	 -1.26907678e+02 
69.100000 	 7.08733801e+03 	 5.43935458e+02 	 6.54286184e+00 	 -1.26695533e+02 
69.200000 	 7.08798922e+03 	 5.31276504e+02 	 6.48151735e+00 	 -1.26483705e+02 
69.300000 	 7.08863431e+03 	 5.18638717e+02 	 6.42066295e+00 	 -1.26272197e+02 
69.400000 	 7.08927335e+03 	 5.06022064e+02 	 6.36029567e+00 	 -1.26061012e+02 
69.500000 	 7.08990637e+03 	 4.93426514e+02 	 6.30041255e+00 	 -1.25850152e+02 
69.600000 	 7.09053343e+03 	 4.80852034e+02 	 6.24101062e+00 	 -1.25639621e+02 
69.700000 	 7.09115457e+03 	 4.68298590e+02 	 6.18208695e+00 	 -1.25429421e+02 
69.800000 	 7.09176985e+03 	 4.55766150e+02 	 6.12363858e+00 	 -1.25219556e+02 
69.900000 	 7.09237930e+03 	 4.43254679e+02 	 6.06566259e+00 	 -1.25010028e+02 
70.000000 	 7.09298298e+03 	 4.30764144e+02 	 6.00815604e+00 	 -1.24800840e+02 
70.100000 	 7.09358093e+03 	 4.18294511e+02 	 5.95111604e+00 	 -1.24591995e+02 
70.200000 	 7.09417320e+03 	 4.05845745e+02 	 5.89453967e+00 	 -1.24383496e+02 
70.300000 	 7.09475984e+03 	 3.93417812e+02 	 5.83842403e+00 	 -1.24175344e+02 
70.400000 	 7.09534089e+03 	 3.81010676e+02 	 5.78276624e+00 	 -1.23967543e+02 
70.500000 	 7.09591639e+03 	 3.68624303e+02 	 5.72756342e+00 	 -1.23760096e+02 
70.600000 	 7.09648640e+03 	 3.56258657e+02 	 5.67281269e+00 	 -1.23553005e+02 
70.700000 	 7.09705096e+03 	 3.43913702e+02 	 5.61851120e+00 	 -1.23346272e+02 
70.800000 	 7.09761010e+03 	 3.31589403e+02 	 5.56465610e+00 	 -1.23139900e+02 
70.900000 	 7.09816389e+03 	 3.19285722e+02 	 5.51124454e+00 	 -1.22933892e+02 
71.000000 	 7.09871235e+03 	 3.07002624e+02 	 5.45827368e+00 	 -1.22728250e+02 
71.100000 	 7.09925554e+03 	 2.94740072e+02 	 5.40574071e+00 	 -1.22522975e+02 
71.200000 	 7.09979350e+03 	 2.82498029e+02 	 5.35364281e+00 	 -1.22318072e+02 
71.300000 	 7.10032627e+03 	 2.70276458e+02 	 5.30197718e+00 	 -1.22113541e+02 
71.400000 	 7.10085389e+03 	 2.58075321e+02 	 5.25074101e+00 	 -1.21909385e+02 
71.500000 	 7.10137642e+03 	 2.45894581e+02 	 5.19993153e+00 	 -1.21705607e+02 
71.600000 	 7.10189388e+03 	 2.33734199e+02 	 5.14954596e+00 	 -1.21502208e+02 
71.700000 	 7.10240633e+03 	 2.21594139e+02 	 5.09958153e+00 	 -1.21299192e+02 
71.800000 	 7.10291380e+03 	 2.09474361e+02 	 5.05003548e+00 	 -1.21096558e+02 
71.900000 	 7.10341633e+03 	 1.97374827e+02 	 5.00090507e+00 	 -1.20894311e+02 
72.000000 	 7.10391398e+03 	 1.85295499e+02 	 4.95218756e+00 	 -1.20692452e+02 
72.100000 	 7.10440677e+03 	 1.73236337e+02 	 4.90388023e+00 	 -1.20490983e+02 
72.200000 	 7.10489475e+03 	 1.61197302e+02 	 4.85598035e+00 	 -1.20289906e+02 
72.300000 	 7.10537797e+03 	 1.49178356e+02 	 4.80848522e+00 	 -1.20089223e+02 
72.400000 	 7.10585645e+03 	 1.37179458e+02 	 4.76139215e+00 	 -1.19888935e+02 
72.500000 	 7.10633025e+03 	 1.25200569e+02 	 4.71469844e+00 	 -1.19689046e+02 
72.600000 	 7.10679939e+03 	 1.13241649e+02 	 4.66840142e+00 	 -1.19489556e+02 
72.700000 	 7.10726393e+03 	 1.01302658e+02 	 4.62249842e+00 	 -1.19290467e+02 
72.800000 	 7.10772389e+03 	 8.93835553e+01 	 4.57698679e+00 	 -1.19091782e+02 
72.900000 	 7.10817932e+03 	 7.74843014e+01 	 4.53186387e+00 	 -1.18893501e+02 
73.000000 	 7.10863026e+03 	 6.56048551e+01 	 4.48712705e+00 	 -1.18695627e+02 
73.100000 	 7.10907675e+03 	 5.37451759e+01 	 4.44277368e+00 	 -1.18498162e+02 
73.200000 	 7.10951882e+03 	 4.19052228e+01 	 4.39880116e+00 	 -1.18301106e+02 
73.300000 	 7.10995651e+03 	 3.00849547e+01 	 4.35520688e+00 	 -1.18104462e+02 
73.400000 	 7.11038986e+03 	 1.82843304e+01 	 4.31198825e+00 	 -1.17908231e+02 
73.500000 	 7.11081891e+03 	 6.50330851e+00 	 4.26914268e+00 	 -1.17712415e+02 
73.600000 	 7.11124369e+03 	 -5.25815255e+00 	 4.22666760e+00 	 -1.17517015e+02 
73.700000 	 7.11166424e+03 	 -1.70000945e+01 	 4.18456045e+00 	 -1.17322033e+02 
73.800000 	 7.11208060e+03 	 -2.87225591e+01 	 4.14281868e+00 	 -1.17127470e+02 
73.900000 	 7.11249280e+03 	 -4.04255883e+01 	 4.10143974e+00 	 -1.16933327e+02 
74.000000 	 7.11290089e+03 	 -5.21092244e+01 	 4.06042112e+00 	 -1.16739606e+02 
74.100000 	 7.11330489e+03 	 -6.37735095e+01 	 4.01976028e+00 	 -1.16546309e+02 
74.200000 	 7.11370484e+03 	 -7.54184861e+01 	 3.97945472e+00 	 -1.16353436e+02 
74.300000 	 7.11410078e+03 	 -8.70441967e+01 	 3.93950194e+00 	 -1.16160989e+02 
74.400000 	 7.11449274e+03 	 -9.86506840e+01 	 3.89989945e+00 	 -1.15968970e+02 
74.500000 	 7.11488076e+03 	 -1.10237991e+02 	 3.86064479e+00 	 -1.15777378e+02 
74.600000 	 7.11526487e+03 	 -1.21806160e+02 	 3.82173547e+00 	 -1.15586217e+02 
74.700000 	 7.11564510e+03 	 -1.33355234e+02 	 3.78316906e+00 	 -1.15395486e+02 
74.800000 	 7.11602150e+03 	 -1.44885257e+02 	 3.74494310e+00 	 -1.15205187e+02 
74.900000 	 7.11639409e+03 	 -1.56396271e+02 	 3.70705516e+00 	 -1.15015321e+02 
75.000000 	 7.11676291e+03 	 -1.67888321e+02 	 3.66950283e+00 	 -1.14825890e+02 
75.100000 	 7.11712799e+03 	 -1.79361449e+02 	 3.63228369e+00 	 -1.14636893e+02 
75.200000 	 7.11748937e+03 	 -1.90815700e+02 	 3.59539533e+00 	 -1.14448333e+02 
75.300000 	 7.11784707e+03 	 -2.02251116e+02 	 3.55883539e+00 	 -1.14260210e+02 
75.400000 	 7.11820114e+03 	 -2.13667742e+02 	 3.52260146e+00 	 -1.14072525e+02 
75.500000 	 7.11855159e+03 	 -2.25065621e+02 	 3.48669120e+00 	 -1.13885279e+02 
75.600000 	 7.11889847e+03 	 -2.36444797e+02 	 3.45110224e+00 	 -1.13698473e+02 
75.700000 	 7.11924181e+03 	 -2.47805315e+02 	 3.41583225e+00 	 -1.13512109e+02 
75.800000 	 7.11958164e+03 	 -2.59147219e+02 	 3.38087887e+00 	 -1.13326186e+02 
75.900000 	 7.11991799e+03 	 -2.70470552e+02 	 3.34623981e+00 	 -1.13140705e+02 
76.000000 	 7.12025089e+03 	 -2.81775360e+02 	 3.31191274e+00 	 -1.12955668e+02 
76.100000 	 7.12058037e+03 	 -2.93061686e+02 	 3.27789536e+00 	 -1.12771075e+02 
76.200000 	 7.12090647e+03 	 -3.04329575e+02 	 3.24418539e+00 	 -1.12586927e+02 
76.300000 	 7.12122921e+03 	 -3.15579071e+02 	 3.21078055e+00 	 -1.12403225e+02 
76.400000 	 7.12154862e+03 	 -3.26810220e+02 	 3.17767857e+00 	 -1.12219969e+02 
76.500000 	 7.12186474e+03 	 -3.38023065e+02 	 3.14487720e+00 	 -1.12037160e+02 
76.600000 	 7.12217760e+03 	 -3.49217652e+02 	 3.11237420e+00 	 -1.11854799e+02 
76.700000 	 7.12248722e+03 	 -3.60394025e+02 	 3.08016733e+00 	 -1.11672886e+02 
76.800000 	 7.12279363e+03 	 -3.71552229e+02 	 3.04825436e+00 	 -1.11491422e+02 
76.900000 	 7.12309687e+03 	 -3.82692309e+02 	 3.01663310e+00 	 -1.11310407e+02 
77.000000 	 7.12339696e+03 	 -3.93814310e+02 	 2.98530134e+00 	 -1.11129842e+02 
77.100000 	 7.12369393e+03 	 -4.04918277e+02 	 2.95425690e+00 	 -1.10949728e+02 
77.200000 	 7.12398781e+03 	 -4.16004256e+02 	 2.92349759e+00 	 -1.10770065e+02 
77.300000 	 7.12427863e+03 	 -4.27072290e+02 	 2.89302125e+00 	 -1.10590853e+02 
77.400000 	 7.12456641e+03 	 -4.38122426e+02 	 2.86282573e+00 	 -1.10412093e+02 
77.500000 	 7.12485119e+03 	 -4.49154709e+02 	 2.83290889e+00 	 -1.10233785e+02 
77.600000 	 7.12513300e+03 	 -4.60169183e+02 	 2.80326859e+00 	 -1.10055930e+02 
77.700000 	 7.12541185e+03 	 -4.71165895e+02 	 2.77390272e+00 	 -1.09878528e+02 
77.800000 	 7.12568778e+03 	 -4.82144889e+02 	 2.74480916e+00 	 -1.09701579e+02 
77.900000 	 7.12596081e+03 	 -4.93106211e+02 	 2.71598581e+00 	 -1.09525085e+02 
78.000000 	 7.12623097e+03 	 -5.04049906e+02 	 2.68743060e+00 	 -1.09349044e+02 
78.100000 	 7.12649830e+03 	 -5.14976019e+02 	 2.65914144e+00 	 -1.09173457e+02 
78.200000 	 7.12676280e+03 	 -5.25884597e+02 	 2.63111628e+00 	 -1.08998325e+02 
78.300000 	 7.12702452e+03 	 -5.36775684e+02 	 2.60335305e+00 	 -1.08823648e+02 
78.400000 	 7.12728347e+03 	 -5.47649327e+02 	 2.57584971e+00 	 -1.08649426e+02 
78.500000 	 7.12753969e+03 	 -5.58505569e+02 	 2.54860425e+00 	 -1.08475659e+02 
78.600000 	 7.12779319e+03 	 -5.69344458e+02 	 2.52161462e+00 	 -1.08302347e+02 
78.700000 	 7.12804401e+03 	 -5.80166039e+02 	 2.49487884e+00 	 -1.08129491e+02 
78.800000 	 7.12829217e+03 	 -5.90970356e+02 	 2.46839490e+00 	 -1.07957091e+02 
78.900000 	 7.12853769e+03 	 -6.01757457e+02 	 2.44216081e+00 	 -1.07785146e+02 
79.000000 	 7.12878060e+03 	 -6.12527386e+02 	 2.41617460e+00 	 -1.07613657e+02 
79.100000 	 7.12902093e+03 	 -6.23280188e+02 	 2.39043431e+00 	 -1.07442624e+02 
79.200000 	 7.12925869e+03 	 -6.34015910e+02 	 2.36493798e+00 	 -1.07272047e+02 
79.300000 	 7.12949391e+03 	 -6.44734597e+02 	 2.33968368e+00 	 -1.07101925e+02 
79.400000 	 7.12972662e+03 	 -6.55436295e+02 	 2.31466946e+00 	 -1.06932260e+02 
79.500000 	 7.12995685e+03 	 -6.66121049e+02 	 2.28989342e+00 	 -1.06763050e+02 
79.600000 	 7.13018460e+03 	 -6.76788905e+02 	 2.26535365e+00 	 -1.06594297e+02 
79.700000 	 7.13040992e+03 	 -6.87439909e+02 	 2.24104824e+00 	 -1.06425999e+02 
79.800000 	 7.13063281e+03 	 -6.98074105e+02 	 2.21697532e+00 	 -1.06258157e+02 
79.900000 	 7.13085331e+03 	 -7.08691540e+02 	 2.19313300e+00 	 -1.06090770e+02 
