# tiempo (s) 		 x 			 z 			 vx 			 vz 
0.000000 	 0.00000000e+00 	 1.00000000e+04 	 3.00000000e+02 	 0.00000000e+00 
0.100000 	 3.00000000e+01 	 9.99995097e+03 	 3.00000000e+02 	 -9.80665000e-01 
0.200000 	 6.00000000e+01 	 9.99980387e+03 	 3.00000000e+02 	 -1.96133000e+00 
0.300000 	 9.00000000e+01 	 9.99955870e+03 	 3.00000000e+02 	 -2.94199500e+00 
0.400000 	 1.20000000e+02 	 9.99921547e+03 	 3.00000000e+02 	 -3.92266000e+00 
0.500000 	 1.50000000e+02 	 9.99877417e+03 	 3.00000000e+02 	 -4.90332500e+00 
0.600000 	 1.80000000e+02 	 9.99823480e+03 	 3.00000000e+02 	 -5.88399000e+00 
0.700000 	 2.10000000e+02 	 9.99759737e+03 	 3.00000000e+02 	 -6.86465500e+00 
0.800000 	 2.40000000e+02 	 9.99686187e+03 	 3.00000000e+02 	 -7.84532000e+00 
0.900000 	 2.70000000e+02 	 9.99602831e+03 	 3.00000000e+02 	 -8.82598500e+00 
1.000000 	 3.00000000e+02 	 9.99509667e+03 	 3.00000000e+02 	 -9.80665000e+00 
1.100000 	 3.30000000e+02 	 9.99406698e+03 	 3.00000000e+02 	 -1.07873150e+01 
1.200000 	 3.60000000e+02 	 9.99293921e+03 	 3.00000000e+02 	 -1.17679800e+01 
1.300000 	 3.90000000e+02 	 9.99171338e+03 	 3.00000000e+02 	 -1.27486450e+01 
1.400000 	 4.20000000e+02 	 9.99038948e+03 	 3.00000000e+02 	 -1.37293100e+01 
1.500000 	 4.50000000e+02 	 9.98896752e+03 	 3.00000000e+02 	 -1.47099750e+01 
1.600000 	 4.80000000e+02 	 9.98744749e+03 	 3.00000000e+02 	 -1.56906400e+01 
1.700000 	 5.10000000e+02 	 9.98582939e+03 	 3.00000000e+02 	 -1.66713050e+01 
1.800000 	 5.40000000e+02 	 9.98411323e+03 	 3.00000000e+02 	 -1.76519700e+01 
1.900000 	 5.70000000e+02 	 9.98229900e+03 	 3.00000000e+02 	 -1.86326350e+01 
2.000000 	 6.00000000e+02 	 9.98038670e+03 	 3.00000000e+02 	 -1.96133000e+01 
2.100000 	 6.30000000e+02 	 9.97837634e+03 	 3.00000000e+02 	 -2.05939650e+01 
2.200000 	 6.60000000e+02 	 9.97626791e+03 	 3.00000000e+02 	 -2.15746300e+01 
2.300000 	 6.90000000e+02 	 9.97406141e+03 	 3.00000000e+02 	 -2.25552950e+01 
2.400000 	 7.20000000e+02 	 9.97175685e+03 	 3.00000000e+02 	 -2.35359600e+01 
2.500000 	 7.50000000e+02 	 9.96935422e+03 	 3.00000000e+02 	 -2.45166250e+01 
2.600000 	 7.80000000e+02 	 9.96685352e+03 	 3.00000000e+02 	 -2.54972900e+01 
2.700000 	 8.10000000e+02 	 9.96425476e+03 	 3.00000000e+02 	 -2.64779550e+01 
2.800000 	 8.40000000e+02 	 9.96155793e+03 	 3.00000000e+02 	 -2.74586200e+01 
2.900000 	 8.70000000e+02 	 9.95876304e+03 	 3.00000000e+02 	 -2.84392850e+01 
3.000000 	 9.00000000e+02 	 9.95587007e+03 	 3.00000000e+02 	 -2.94199500e+01 
3.100000 	 9.30000000e+02 	 9.95287905e+03 	 3.00000000e+02 	 -3.04006150e+01 
3.200000 	 9.60000000e+02 	 9.94978995e+03 	 3.00000000e+02 	 -3.13812800e+01 
3.300000 	 9.90000000e+02 	 9.94660279e+03 	 3.00000000e+02 	 -3.23619450e+01 
3.400000 	 1.02000000e+03 	 9.94331756e+03 	 3.00000000e+02 	 -3.33426100e+01 
3.500000 	 1.05000000e+03 	 9.93993427e+03 	 3.00000000e+02 	 -3.43232750e+01 
3.600000 	 1.08000000e+03 	 9.93645291e+03 	 3.00000000e+02 	 -3.53039400e+01 
3.700000 	 1.11000000e+03 	 9.93287348e+03 	 3.00000000e+02 	 -3.62846050e+01 
3.800000 	 1.14000000e+03 	 9.92919599e+03 	 3.00000000e+02 	 -3.72652700e+01 
3.900000 	 1.17000000e+03 	 9.92542043e+03 	 3.00000000e+02 	 -3.82459350e+01 
4.000000 	 1.20000000e+03 	 9.92154680e+03 	 3.00000000e+02 	 -3.92266000e+01 
4.100000 	 1.23000000e+03 	 9.91757511e+03 	 3.00000000e+02 	 -4.02072650e+01 
4.200000 	 1.26000000e+03 	 9.91350535e+03 	 3.00000000e+02 	 -4.11879300e+01 
4.300000 	 1.29000000e+03 	 9.90933752e+03 	 3.00000000e+02 	 -4.21685950e+01 
4.400000 	 1.32000000e+03 	 9.90507163e+03 	 3.00000000e+02 	 -4.31492600e+01 
4.500000 	 1.35000000e+03 	 9.90070767e+03 	 3.00000000e+02 	 -4.41299250e+01 
4.600000 	 1.38000000e+03 	 9.89624564e+03 	 3.00000000e+02 	 -4.51105900e+01 
4.700000 	 1.41000000e+03 	 9.89168555e+03 	 3.00000000e+02 	 -4.60912550e+01 
4.800000 	 1.44000000e+03 	 9.88702739e+03 	 3.00000000e+02 	 -4.70719200e+01 
4.900000 	 1.47000000e+03 	 9.88227117e+03 	 3.00000000e+02 	 -4.80525850e+01 
5.000000 	 1.50000000e+03 	 9.87741687e+03 	 3.00000000e+02 	 -4.90332500e+01 
5.100000 	 1.53000000e+03 	 9.87246452e+03 	 3.00000000e+02 	 -5.00139150e+01 
5.200000 	 1.56000000e+03 	 9.86741409e+03 	 3.00000000e+02 	 -5.09945800e+01 
5.300000 	 1.59000000e+03 	 9.86226560e+03 	 3.00000000e+02 	 -5.19752450e+01 
5.400000 	 1.62000000e+03 	 9.85701904e+03 	 3.00000000e+02 	 -5.29559100e+01 
5.500000 	 1.65000000e+03 	 9.85167442e+03 	 3.00000000e+02 	 -5.39365750e+01 
5.600000 	 1.68000000e+03 	 9.84623173e+03 	 3.00000000e+02 	 -5.49172400e+01 
5.700000 	 1.71000000e+03 	 9.84069097e+03 	 3.00000000e+02 	 -5.58979050e+01 
5.800000 	 1.74000000e+03 	 9.83505215e+03 	 3.00000000e+02 	 -5.68785700e+01 
5.900000 	 1.77000000e+03 	 9.82931526e+03 	 3.00000000e+02 	 -5.78592350e+01 
6.000000 	 1.80000000e+03 	 9.82348030e+03 	 3.00000000e+02 	 -5.88399000e+01 
6.100000 	 1.83000000e+03 	 9.81754728e+03 	 3.00000000e+02 	 -5.98205650e+01 
6.200000 	 1.86000000e+03 	 9.81151619e+03 	 3.00000000e+02 	 -6.08012300e+01 
6.300000 	 1.89000000e+03 	 9.80538703e+03 	 3.00000000e+02 	 -6.17818950e+01 
6.400000 	 1.92000000e+03 	 9.79915981e+03 	 3.00000000e+02 	 -6.27625600e+01 
6.500000 	 1.95000000e+03 	 9.79283452e+03 	 3.00000000e+02 	 -6.37432250e+01 
6.600000 	 1.98000000e+03 	 9.78641116e+03 	 3.00000000e+02 	 -6.47238900e+01 
6.700000 	 2.01000000e+03 	 9.77988974e+03 	 3.00000000e+02 	 -6.57045550e+01 
6.800000 	 2.04000000e+03 	 9.77327025e+03 	 3.00000000e+02 	 -6.66852200e+01 
6.900000 	 2.07000000e+03 	 9.76655270e+03 	 3.00000000e+02 	 -6.76658850e+01 
7.000000 	 2.10000000e+03 	 9.75973707e+03 	 3.00000000e+02 	 -6.86465500e+01 
7.100000 	 2.13000000e+03 	 9.75282339e+03 	 3.00000000e+02 	 -6.96272150e+01 
7.200000 	 2.16000000e+03 	 9.74581163e+03 	 3.00000000e+02 	 -7.06078800e+01 
7.300000 	 2.19000000e+03 	 9.73870181e+03 	 3.00000000e+02 	 -7.15885450e+01 
7.400000 	 2.22000000e+03 	 9.73149392e+03 	 3.00000000e+02 	 -7.25692100e+01 
7.500000 	 2.25000000e+03 	 9.72418797e+03 	 3.00000000e+02 	 -7.35498750e+01 
7.600000 	 2.28000000e+03 	 9.71678395e+03 	 3.00000000e+02 	 -7.45305400e+01 
7.700000 	 2.31000000e+03 	 9.70928186e+03 	 3.00000000e+02 	 -7.55112050e+01 
7.800000 	 2.34000000e+03 	 9.70168171e+03 	 3.00000000e+02 	 -7.64918700e+01 
7.900000 	 2.37000000e+03 	 9.69398349e+03 	 3.00000000e+02 	 -7.74725350e+01 
8.000000 	 2.40000000e+03 	 9.68618720e+03 	 3.00000000e+02 	 -7.84532000e+01 
8.100000 	 2.43000000e+03 	 9.67829285e+03 	 3.00000000e+02 	 -7.94338650e+01 
8.200000 	 2.46000000e+03 	 9.67030043e+03 	 3.00000000e+02 	 -8.04145300e+01 
8.300000 	 2.49000000e+03 	 9.66220994e+03 	 3.00000000e+02 	 -8.13951950e+01 
8.400000 	 2.52000000e+03 	 9.65402139e+03 	 3.00000000e+02 	 -8.23758600e+01 
8.500000 	 2.55000000e+03 	 9.64573477e+03 	 3.00000000e+02 	 -8.33565250e+01 
8.600000 	 2.58000000e+03 	 9.63735008e+03 	 3.00000000e+02 	 -8.43371900e+01 
8.700000 	 2.61000000e+03 	 9.62886733e+03 	 3.00000000e+02 	 -8.53178550e+01 
8.800000 	 2.64000000e+03 	 9.62028651e+03 	 3.00000000e+02 	 -8.62985200e+01 
8.900000 	 2.67000000e+03 	 9.61160763e+03 	 3.00000000e+02 	 -8.72791850e+01 
9.000000 	 2.70000000e+03 	 9.60283067e+03 	 3.00000000e+02 	 -8.82598500e+01 
9.100000 	 2.73000000e+03 	 9.59395566e+03 	 3.00000000e+02 	 -8.92405150e+01 
9.200000 	 2.76000000e+03 	 9.58498257e+03 	 3.00000000e+02 	 -9.02211800e+01 
9.300000 	 2.79000000e+03 	 9.57591142e+03 	 3.00000000e+02 	 -9.12018450e+01 
9.400000 	 2.82000000e+03 	 9.56674220e+03 	 3.00000000e+02 	 -9.21825100e+01 
9.500000 	 2.85000000e+03 	 9.55747492e+03 	 3.00000000e+02 	 -9.31631750e+01 
9.600000 	 2.88000000e+03 	 9.54810957e+03 	 3.00000000e+02 	 -9.41438400e+01 
9.700000 	 2.91000000e+03 	 9.53864615e+03 	 3.00000000e+02 	 -9.51245050e+01 
9.800000 	 2.94000000e+03 	 9.52908467e+03 	 3.00000000e+02 	 -9.61051700e+01 
9.900000 	 2.97000000e+03 	 9.51942512e+03 	 3.00000000e+02 	 -9.70858350e+01 
10.000000 	 3.00000000e+03 	 9.50966750e+03 	 3.00000000e+02 	 -9.80665000e+01 
10.100000 	 3.03000000e+03 	 9.49981182e+03 	 3.00000000e+02 	 -9.90471650e+01 
10.200000 	 3.06000000e+03 	 9.48985807e+03 	 3.00000000e+02 	 -1.00027830e+02 
10.300000 	 3.09000000e+03 	 9.47980625e+03 	 3.00000000e+02 	 -1.01008495e+02 
10.400000 	 3.12000000e+03 	 9.46965637e+03 	 3.00000000e+02 	 -1.01989160e+02 
10.500000 	 3.15000000e+03 	 9.45940842e+03 	 3.00000000e+02 	 -1.02969825e+02 
10.600000 	 3.18000000e+03 	 9.44906240e+03 	 3.00000000e+02 	 -1.03950490e+02 
10.700000 	 3.21000000e+03 	 9.43861832e+03 	 3.00000000e+02 	 -1.04931155e+02 
10.800000 	 3.24000000e+03 	 9.42807617e+03 	 3.00000000e+02 	 -1.05911820e+02 
10.900000 	 3.27000000e+03 	 9.41743596e+03 	 3.00000000e+02 	 -1.06892485e+02 
11.000000 	 3.30000000e+03 	 9.40669767e+03 	 3.00000000e+02 	 -1.07873150e+02 
11.100000 	 3.33000000e+03 	 9.39586133e+03 	 3.00000000e+02 	 -1.08853815e+02 
11.200000 	 3.36000000e+03 	 9.38492691e+03 	 3.00000000e+02 	 -1.09834480e+02 
11.300000 	 3.39000000e+03 	 9.37389443e+03 	 3.00000000e+02 	 -1.10815145e+02 
11.400000 	 3.42000000e+03 	 9.36276388e+03 	 3.00000000e+02 	 -1.11795810e+02 
11.500000 	 3.45000000e+03 	 9.35153527e+03 	 3.00000000e+02 	 -1.12776475e+02 
11.600000 	 3.48000000e+03 	 9.34020859e+03 	 3.00000000e+02 	 -1.13757140e+02 
11.700000 	 3.51000000e+03 	 9.32878384e+03 	 3.00000000e+02 	 -1.14737805e+02 
11.800000 	 3.54000000e+03 	 9.31726103e+03 	 3.00000000e+02 	 -1.15718470e+02 
11.900000 	 3.57000000e+03 	 9.30564015e+03 	 3.00000000e+02 	 -1.16699135e+02 
12.000000 	 3.60000000e+03 	 9.29392120e+03 	 3.00000000e+02 	 -1.17679800e+02 
12.100000 	 3.63000000e+03 	 9.28210419e+03 	 3.00000000e+02 	 -1.18660465e+02 
12.200000 	 3.66000000e+03 	 9.27018911e+03 	 3.00000000e+02 	 -1.19641130e+02 
12.300000 	 3.69000000e+03 	 9.25817596e+03 	 3.00000000e+02 	 -1.20621795e+02 
12.400000 	 3.72000000e+03 	 9.24606475e+03 	 3.00000000e+02 	 -1.21602460e+02 
12.500000 	 3.75000000e+03 	 9.23385547e+03 	 3.00000000e+02 	 -1.22583125e+02 
12.600000 	 3.78000000e+03 	 9.22154812e+03 	 3.00000000e+02 	 -1.23563790e+02 
12.700000 	 3.81000000e+03 	 9.20914271e+03 	 3.00000000e+02 	 -1.24544455e+02 
12.800000 	 3.84000000e+03 	 9.19663923e+03 	 3.00000000e+02 	 -1.25525120e+02 
12.900000 	 3.87000000e+03 	 9.18403769e+03 	 3.00000000e+02 	 -1.26505785e+02 
13.000000 	 3.90000000e+03 	 9.17133807e+03 	 3.00000000e+02 	 -1.27486450e+02 
13.100000 	 3.93000000e+03 	 9.15854040e+03 	 3.00000000e+02 	 -1.28467115e+02 
13.200000 	 3.96000000e+03 	 9.14564465e+03 	 3.00000000e+02 	 -1.29447780e+02 
13.300000 	 3.99000000e+03 	 9.13265084e+03 	 3.00000000e+02 	 -1.30428445e+02 
13.400000 	 4.02000000e+03 	 9.11955896e+03 	 3.00000000e+02 	 -1.31409110e+02 
13.500000 	 4.05000000e+03 	 9.10636902e+03 	 3.00000000e+02 	 -1.32389775e+02 
13.600000 	 4.08000000e+03 	 9.09308101e+03 	 3.00000000e+02 	 -1.33370440e+02 
13.700000 	 4.11000000e+03 	 9.07969493e+03 	 3.00000000e+02 	 -1.34351105e+02 
13.800000 	 4.14000000e+03 	 9.06621079e+03 	 3.00000000e+02 	 -1.35331770e+02 
13.900000 	 4.17000000e+03 	 9.05262858e+03 	 3.00000000e+02 	 -1.36312435e+02 
14.000000 	 4.20000000e+03 	 9.03894830e+03 	 3.00000000e+02 	 -1.37293100e+02 
14.100000 	 4.23000000e+03 	 9.02516996e+03 	 3.00000000e+02 	 -1.38273765e+02 
14.200000 	 4.26000000e+03 	 9.01129355e+03 	 3.00000000e+02 	 -1.39254430e+02 
14.300000 	 4.29000000e+03 	 8.99731907e+03 	 3.00000000e+02 	 -1.40235095e+02 
14.400000 	 4.32000000e+03 	 8.98324653e+03 	 3.00000000e+02 	 -1.41215760e+02 
14.500000 	 4.35000000e+03 	 8.96907592e+03 	 3.00000000e+02 	 -1.42196425e+02 
14.600000 	 4.38000000e+03 	 8.95480724e+03 	 3.00000000e+02 	 -1.43177090e+02 
14.700000 	 4.41000000e+03 	 8.94044050e+03 	 3.00000000e+02 	 -1.44157755e+02 
14.800000 	 4.44000000e+03 	 8.92597569e+03 	 3.00000000e+02 	 -1.45138420e+02 
14.900000 	 4.47000000e+03 	 8.91141282e+03 	 3.00000000e+02 	 -1.46119085e+02 
15.000000 	 4.50000000e+03 	 8.89675187e+03 	 3.00000000e+02 	 -1.47099750e+02 
15.100000 	 4.53000000e+03 	 8.88199287e+03 	 3.00000000e+02 	 -1.48080415e+02 
15.200000 	 4.56000000e+03 	 8.86713579e+03 	 3.00000000e+02 	 -1.49061080e+02 
15.300000 	 4.59000000e+03 	 8.85218065e+03 	 3.00000000e+02 	 -1.50041745e+02 
15.400000 	 4.62000000e+03 	 8.83712744e+03 	 3.00000000e+02 	 -1.51022410e+02 
15.500000 	 4.65000000e+03 	 8.82197617e+03 	 3.00000000e+02 	 -1.52003075e+02 
15.600000 	 4.68000000e+03 	 8.80672683e+03 	 3.00000000e+02 	 -1.52983740e+02 
15.700000 	 4.71000000e+03 	 8.79137942e+03 	 3.00000000e+02 	 -1.53964405e+02 
15.800000 	 4.74000000e+03 	 8.77593395e+03 	 3.00000000e+02 	 -1.54945070e+02 
15.900000 	 4.77000000e+03 	 8.76039041e+03 	 3.00000000e+02 	 -1.55925735e+02 
16.000000 	 4.80000000e+03 	 8.74474880e+03 	 3.00000000e+02 	 -1.56906400e+02 
16.100000 	 4.83000000e+03 	 8.72900913e+03 	 3.00000000e+02 	 -1.57887065e+02 
16.200000 	 4.86000000e+03 	 8.71317139e+03 	 3.00000000e+02 	 -1.58867730e+02 
16.300000 	 4.89000000e+03 	 8.69723558e+03 	 3.00000000e+02 	 -1.59848395e+02 
16.400000 	 4.92000000e+03 	 8.68120171e+03 	 3.00000000e+02 	 -1.60829060e+02 
16.500000 	 4.95000000e+03 	 8.66506977e+03 	 3.00000000e+02 	 -1.61809725e+02 
16.600000 	 4.98000000e+03 	 8.64883976e+03 	 3.00000000e+02 	 -1.62790390e+02 
16.700000 	 5.01000000e+03 	 8.63251169e+03 	 3.00000000e+02 	 -1.63771055e+02 
16.800000 	 5.04000000e+03 	 8.61608555e+03 	 3.00000000e+02 	 -1.64751720e+02 
16.900000 	 5.07000000e+03 	 8.59956135e+03 	 3.00000000e+02 	 -1.65732385e+02 
17.000000 	 5.10000000e+03 	 8.58293907e+03 	 3.00000000e+02 	 -1.66713050e+02 
17.100000 	 5.13000000e+03 	 8.56621874e+03 	 3.00000000e+02 	 -1.67693715e+02 
17.200000 	 5.16000000e+03 	 8.54940033e+03 	 3.00000000e+02 	 -1.68674380e+02 
17.300000 	 5.19000000e+03 	 8.53248386e+03 	 3.00000000e+02 	 -1.69655045e+02 
17.400000 	 5.22000000e+03 	 8.51546932e+03 	 3.00000000e+02 	 -1.70635710e+02 
17.500000 	 5.25000000e+03 	 8.49835672e+03 	 3.00000000e+02 	 -1.71616375e+02 
17.600000 	 5.28000000e+03 	 8.48114605e+03 	 3.00000000e+02 	 -1.72597040e+02 
17.700000 	 5.31000000e+03 	 8.46383731e+03 	 3.00000000e+02 	 -1.73577705e+02 
17.800000 	 5.34000000e+03 	 8.44643051e+03 	 3.00000000e+02 	 -1.74558370e+02 
17.900000 	 5.37000000e+03 	 8.42892564e+03 	 3.00000000e+02 	 -1.75539035e+02 
18.000000 	 5.40000000e+03 	 8.41132270e+03 	 3.00000000e+02 	 -1.76519700e+02 
18.100000 	 5.43000000e+03 	 8.39362170e+03 	 3.00000000e+02 	 -1.77500365e+02 
18.200000 	 5.46000000e+03 	 8.37582263e+03 	 3.00000000e+02 	 -1.78481030e+02 
18.300000 	 5.49000000e+03 	 8.35792549e+03 	 3.00000000e+02 	 -1.79461695e+02 
18.400000 	 5.52000000e+03 	 8.33993029e+03 	 3.00000000e+02 	 -1.80442360e+02 
18.500000 	 5.55000000e+03 	 8.32183702e+03 	 3.00000000e+02 	 -1.81423025e+02 
18.600000 	 5.58000000e+03 	 8.30364568e+03 	 3.00000000e+02 	 -1.82403690e+02 
18.700000 	 5.61000000e+03 	 8.28535628e+03 	 3.00000000e+02 	 -1.83384355e+02 
18.800000 	 5.64000000e+03 	 8.26696881e+03 	 3.00000000e+02 	 -1.84365020e+02 
18.900000 	 5.67000000e+03 	 8.24848328e+03 	 3.00000000e+02 	 -1.85345685e+02 
19.000000 	 5.70000000e+03 	 8.22989967e+03 	 3.00000000e+02 	 -1.86326350e+02 
19.100000 	 5.73000000e+03 	 8.21121801e+03 	 3.00000000e+02 	 -1.87307015e+02 
19.200000 	 5.76000000e+03 	 8.19243827e+03 	 3.00000000e+02 	 -1.88287680e+02 
19.300000 	 5.79000000e+03 	 8.17356047e+03 	 3.00000000e+02 	 -1.89268345e+02 
19.400000 	 5.82000000e+03 	 8.15458460e+03 	 3.00000000e+02 	 -1.90249010e+02 
19.500000 	 5.85000000e+03 	 8.13551067e+03 	 3.00000000e+02 	 -1.91229675e+02 
19.600000 	 5.88000000e+03 	 8.11633867e+03 	 3.00000000e+02 	 -1.92210340e+02 
19.700000 	 5.91000000e+03 	 8.09706860e+03 	 3.00000000e+02 	 -1.93191005e+02 
19.800000 	 5.94000000e+03 	 8.07770047e+03 	 3.00000000e+02 	 -1.94171670e+02 
19.900000 	 5.97000000e+03 	 8.05823427e+03 	 3.00000000e+02 	 -1.95152335e+02 
20.000000 	 6.00000000e+03 	 8.03867000e+03 	 3.00000000e+02 	 -1.96133000e+02 
20.100000 	 6.03000000e+03 	 8.01900767e+03 	 3.00000000e+02 	 -1.97113665e+02 
20.200000 	 6.06000000e+03 	 7.99924727e+03 	 3.00000000e+02 	 -1.98094330e+02 
20.300000 	 6.09000000e+03 	 7.97938880e+03 	 3.00000000e+02 	 -1.99074995e+02 
20.400000 	 6.12000000e+03 	 7.95943227e+03 	 3.00000000e+02 	 -2.00055660e+02 
20.500000 	 6.15000000e+03 	 7.93937767e+03 	 3.00000000e+02 	 -2.01036325e+02 
20.600000 	 6.18000000e+03 	 7.91922500e+03 	 3.00000000e+02 	 -2.02016990e+02 
20.700000 	 6.21000000e+03 	 7.89897427e+03 	 3.00000000e+02 	 -2.02997655e+02 
20.800000 	 6.24000000e+03 	 7.87862547e+03 	 3.00000000e+02 	 -2.03978320e+02 
20.900000 	 6.27000000e+03 	 7.85817861e+03 	 3.00000000e+02 	 -2.04958985e+02 
21.000000 	 6.30000000e+03 	 7.83763367e+03 	 3.00000000e+02 	 -2.05939650e+02 
21.100000 	 6.33000000e+03 	 7.81699068e+03 	 3.00000000e+02 	 -2.06920315e+02 
21.200000 	 6.36000000e+03 	 7.79624961e+03 	 3.00000000e+02 	 -2.07900980e+02 
21.300000 	 6.39000000e+03 	 7.77541048e+03 	 3.00000000e+02 	 -2.08881645e+02 
21.400000 	 6.42000000e+03 	 7.75447328e+03 	 3.00000000e+02 	 -2.09862310e+02 
21.500000 	 6.45000000e+03 	 7.73343802e+03 	 3.00000000e+02 	 -2.10842975e+02 
21.600000 	 6.48000000e+03 	 7.71230469e+03 	 3.00000000e+02 	 -2.11823640e+02 
21.700000 	 6.51000000e+03 	 7.69107329e+03 	 3.00000000e+02 	 -2.12804305e+02 
21.800000 	 6.54000000e+03 	 7.66974383e+03 	 3.00000000e+02 	 -2.13784970e+02 
21.900000 	 6.57000000e+03 	 7.64831630e+03 	 3.00000000e+02 	 -2.14765635e+02 
22.000000 	 6.60000000e+03 	 7.62679070e+03 	 3.00000000e+02 	 -2.15746300e+02 
22.100000 	 6.63000000e+03 	 7.60516704e+03 	 3.00000000e+02 	 -2.16726965e+02 
22.200000 	 6.66000000e+03 	 7.58344531e+03 	 3.00000000e+02 	 -2.17707630e+02 
22.300000 	 6.69000000e+03 	 7.56162551e+03 	 3.00000000e+02 	 -2.18688295e+02 
22.400000 	 6.72000000e+03 	 7.53970765e+03 	 3.00000000e+02 	 -2.19668960e+02 
22.500000 	 6.75000000e+03 	 7.51769172e+03 	 3.00000000e+02 	 -2.20649625e+02 
22.600000 	 6.78000000e+03 	 7.49557772e+03 	 3.00000000e+02 	 -2.21630290e+02 
22.700000 	 6.81000000e+03 	 7.47336566e+03 	 3.00000000e+02 	 -2.22610955e+02 
22.800000 	 6.84000000e+03 	 7.45105553e+03 	 3.00000000e+02 	 -2.23591620e+02 
22.900000 	 6.87000000e+03 	 7.42864734e+03 	 3.00000000e+02 	 -2.24572285e+02 
23.000000 	 6.90000000e+03 	 7.40614108e+03 	 3.00000000e+02 	 -2.25552950e+02 
23.100000 	 6.93000000e+03 	 7.38353675e+03 	 3.00000000e+02 	 -2.26533615e+02 
23.200000 	 6.96000000e+03 	 7.36083435e+03 	 3.00000000e+02 	 -2.27514280e+02 
23.300000 	 6.99000000e+03 	 7.33803389e+03 	 3.00000000e+02 	 -2.28494945e+02 
23.400000 	 7.02000000e+03 	 7.31513536e+03 	 3.00000000e+02 	 -2.29475610e+02 
23.500000 	 7.05000000e+03 	 7.29213877e+03 	 3.00000000e+02 	 -2.30456275e+02 
23.600000 	 7.08000000e+03 	 7.26904411e+03 	 3.00000000e+02 	 -2.31436940e+02 
23.700000 	 7.11000000e+03 	 7.24585138e+03 	 3.00000000e+02 	 -2.32417605e+02 
23.800000 	 7.14000000e+03 	 7.22256059e+03 	 3.00000000e+02 	 -2.33398270e+02 
23.900000 	 7.17000000e+03 	 7.19917173e+03 	 3.00000000e+02 	 -2.34378935e+02 
24.000000 	 7.20000000e+03 	 7.17568480e+03 	 3.00000000e+02 	 -2.35359600e+02 
24.100000 	 7.23000000e+03 	 7.15209981e+03 	 3.00000000e+02 	 -2.36340265e+02 
24.200000 	 7.26000000e+03 	 7.12841675e+03 	 3.00000000e+02 	 -2.37320930e+02 
24.300000 	 7.29000000e+03 	 7.10463562e+03 	 3.00000000e+02 	 -2.38301595e+02 
24.400000 	 7.32000000e+03 	 7.08075643e+03 	 3.00000000e+02 	 -2.39282260e+02 
24.500000 	 7.35000000e+03 	 7.05677917e+03 	 3.00000000e+02 	 -2.40262925e+02 
24.600000 	 7.38000000e+03 	 7.03270384e+03 	 3.00000000e+02 	 -2.41243590e+02 
24.700000 	 7.41000000e+03 	 7.00853045e+03 	 3.00000000e+02 	 -2.42224255e+02 
24.800000 	 7.44000000e+03 	 6.98425899e+03 	 3.00000000e+02 	 -2.43204920e+02 
24.900000 	 7.47000000e+03 	 6.95988947e+03 	 3.00000000e+02 	 -2.44185585e+02 
25.000000 	 7.50000000e+03 	 6.93542188e+03 	 3.00000000e+02 	 -2.45166250e+02 
25.100000 	 7.53000000e+03 	 6.91085622e+03 	 3.00000000e+02 	 -2.46146915e+02 
25.200000 	 7.56000000e+03 	 6.88619249e+03 	 3.00000000e+02 	 -2.47127580e+02 
25.300000 	 7.59000000e+03 	 6.86143070e+03 	 3.00000000e+02 	 -2.48108245e+02 
25.400000 	 7.62000000e+03 	 6.83657084e+03 	 3.00000000e+02 	 -2.49088910e+02 
25.500000 	 7.65000000e+03 	 6.81161292e+03 	 3.00000000e+02 	 -2.50069575e+02 
25.600000 	 7.68000000e+03 	 6.78655693e+03 	 3.00000000e+02 	 -2.51050240e+02 
25.700000 	 7.71000000e+03 	 6.76140287e+03 	 3.00000000e+02 	 -2.52030905e+02 
25.800000 	 7.74000000e+03 	 6.73615075e+03 	 3.00000000e+02 	 -2.53011570e+02 
25.900000 	 7.77000000e+03 	 6.71080056e+03 	 3.00000000e+02 	 -2.53992235e+02 
26.000000 	 7.80000000e+03 	 6.68535230e+03 	 3.00000000e+02 	 -2.54972900e+02 
26.100000 	 7.83000000e+03 	 6.65980598e+03 	 3.00000000e+02 	 -2.55953565e+02 
26.200000 	 7.86000000e+03 	 6.63416159e+03 	 3.00000000e+02 	 -2.56934230e+02 
26.300000 	 7.89000000e+03 	 6.60841913e+03 	 3.00000000e+02 	 -2.57914895e+02 
26.400000 	 7.92000000e+03 	 6.58257861e+03 	 3.00000000e+02 	 -2.58895560e+02 
26.500000 	 7.95000000e+03 	 6.55664002e+03 	 3.00000000e+02 	 -2.59876225e+02 
26.600000 	 7.98000000e+03 	 6.53060336e+03 	 3.00000000e+02 	 -2.60856890e+02 
26.700000 	 8.01000000e+03 	 6.50446864e+03 	 3.00000000e+02 	 -2.61837555e+02 
26.800000 	 8.04000000e+03 	 6.47823585e+03 	 3.00000000e+02 	 -2.62818220e+02 
26.900000 	 8.07000000e+03 	 6.45190500e+03 	 3.00000000e+02 	 -2.63798885e+02 
27.000000 	 8.10000000e+03 	 6.42547608e+03 	 3.00000000e+02 	 -2.64779550e+02 
27.100000 	 8.13000000e+03 	 6.39894909e+03 	 3.00000000e+02 	 -2.65760215e+02 
27.200000 	 8.16000000e+03 	 6.37232403e+03 	 3.00000000e+02 	 -2.66740880e+02 
27.300000 	 8.19000000e+03 	 6.34560091e+03 	 3.00000000e+02 	 -2.67721545e+02 
27.400000 	 8.22000000e+03 	 6.31877972e+03 	 3.00000000e+02 	 -2.68702210e+02 
27.500000 	 8.25000000e+03 	 6.29186047e+03 	 3.00000000e+02 	 -2.69682875e+02 
27.600000 	 8.28000000e+03 	 6.26484315e+03 	 3.00000000e+02 	 -2.70663540e+02 
27.700000 	 8.31000000e+03 	 6.23772776e+03 	 3.00000000e+02 	 -2.71644205e+02 
27.800000 	 8.34000000e+03 	 6.21051431e+03 	 3.00000000e+02 	 -2.72624870e+02 
27.900000 	 8.37000000e+03 	 6.18320279e+03 	 3.00000000e+02 	 -2.73605535e+02 
28.000000 	 8.40000000e+03 	 6.15579320e+03 	 3.00000000e+02 	 -2.74586200e+02 
28.100000 	 8.43000000e+03 	 6.12828555e+03 	 3.00000000e+02 	 -2.75566865e+02 
28.200000 	 8.46000000e+03 	 6.10067983e+03 	 3.00000000e+02 	 -2.76547530e+02 
28.300000 	 8.49000000e+03 	 6.07297604e+03 	 3.00000000e+02 	 -2.77528195e+02 
28.400000 	 8.52000000e+03 	 6.04517419e+03 	 3.00000000e+02 	 -2.78508860e+02 
28.500000 	 8.55000000e+03 	 6.01727427e+03 	 3.00000000e+02 	 -2.79489525e+02 
28.600000 	 8.58000000e+03 	 5.98927628e+03 	 3.00000000e+02 	 -2.80470190e+02 
28.700000 	 8.61000000e+03 	 5.96118023e+03 	 3.00000000e+02 	 -2.81450855e+02 
28.800000 	 8.64000000e+03 	 5.93298611e+03 	 3.00000000e+02 	 -2.82431520e+02 
28.900000 	 8.67000000e+03 	 5.90469393e+03 	 3.00000000e+02 	 -2.83412185e+02 
29.000000 	 8.70000000e+03 	 5.87630368e+03 	 3.00000000e+02 	 -2.84392850e+02 
29.100000 	 8.73000000e+03 	 5.84781536e+03 	 3.00000000e+02 	 -2.85373515e+02 
29.200000 	 8.76000000e+03 	 5.81922897e+03 	 3.00000000e+02 	 -2.86354180e+02 
29.300000 	 8.79000000e+03 	 5.79054452e+03 	 3.00000000e+02 	 -2.87334845e+02 
29.400000 	 8.82000000e+03 	 5.76176200e+03 	 3.00000000e+02 	 -2.88315510e+02 
29.500000 	 8.85000000e+03 	 5.73288142e+03 	 3.00000000e+02 	 -2.89296175e+02 
29.600000 	 8.88000000e+03 	 5.70390277e+03 	 3.00000000e+02 	 -2.90276840e+02 
29.700000 	 8.91000000e+03 	 5.67482605e+03 	 3.00000000e+02 	 -2.91257505e+02 
29.800000 	 8.94000000e+03 	 5.64565127e+03 	 3.00000000e+02 	 -2.92238170e+02 
29.900000 	 8.97000000e+03 	 5.61637842e+03 	 3.00000000e+02 	 -2.93218835e+02 
30.000000 	 9.00000000e+03 	 5.58700750e+03 	 3.00000000e+02 	 -2.94199500e+02 
30.100000 	 9.03000000e+03 	 5.55753852e+03 	 3.00000000e+02 	 -2.95180165e+02 
30.200000 	 9.06000000e+03 	 5.52797147e+03 	 3.00000000e+02 	 -2.96160830e+02 
30.300000 	 9.09000000e+03 	 5.49830635e+03 	 3.00000000e+02 	 -2.97141495e+02 
30.400000 	 9.12000000e+03 	 5.46854317e+03 	 3.00000000e+02 	 -2.98122160e+02 
30.500000 	 9.15000000e+03 	 5.43868192e+03 	 3.00000000e+02 	 -2.99102825e+02 
30.600000 	 9.18000000e+03 	 5.40872260e+03 	 3.00000000e+02 	 -3.00083490e+02 
30.700000 	 9.21000000e+03 	 5.37866522e+03 	 3.00000000e+02 	 -3.01064155e+02 
30.800000 	 9.24000000e+03 	 5.34850977e+03 	 3.00000000e+02 	 -3.02044820e+02 
30.900000 	 9.27000000e+03 	 5.31825626e+03 	 3.00000000e+02 	 -3.03025485e+02 
31.000000 	 9.30000000e+03 	 5.28790468e+03 	 3.00000000e+02 	 -3.04006150e+02 
31.100000 	 9.33000000e+03 	 5.25745503e+03 	 3.00000000e+02 	 -3.04986815e+02 
31.200000 	 9.36000000e+03 	 5.22690731e+03 	 3.00000000e+02 	 -3.05967480e+02 
31.300000 	 9.39000000e+03 	 5.19626153e+03 	 3.00000000e+02 	 -3.06948145e+02 
31.400000 	 9.42000000e+03 	 5.16551768e+03 	 3.00000000e+02 	 -3.07928810e+02 
31.500000 	 9.45000000e+03 	 5.13467577e+03 	 3.00000000e+02 	 -3.08909475e+02 
31.600000 	 9.48000000e+03 	 5.10373579e+03 	 3.00000000e+02 	 -3.09890140e+02 
31.700000 	 9.51000000e+03 	 5.07269774e+03 	 3.00000000e+02 	 -3.10870805e+02 
31.800000 	 9.54000000e+03 	 5.04156163e+03 	 3.00000000e+02 	 -3.11851470e+02 
31.900000 	 9.57000000e+03 	 5.01032745e+03 	 3.00000000e+02 	 -3.12832135e+02 
32.000000 	 9.60000000e+03 	 4.97899520e+03 	 3.00000000e+02 	 -3.13812800e+02 
32.100000 	 9.63000000e+03 	 4.94756489e+03 	 3.00000000e+02 	 -3.14793465e+02 
32.200000 	 9.66000000e+03 	 4.91603651e+03 	 3.00000000e+02 	 -3.15774130e+02 
32.300000 	 9.69000000e+03 	 4.88441006e+03 	 3.00000000e+02 	 -3.16754795e+02 
32.400000 	 9.72000000e+03 	 4.85268555e+03 	 3.00000000e+02 	 -3.17735460e+02 
32.500000 	 9.75000000e+03 	 4.82086297e+03 	 3.00000000e+02 	 -3.18716125e+02 
32.600000 	 9.78000000e+03 	 4.78894232e+03 	 3.00000000e+02 	 -3.19696790e+02 
32.700000 	 9.81000000e+03 	 4.75692361e+03 	 3.00000000e+02 	 -3.20677455e+02 
32.800000 	 9.84000000e+03 	 4.72480683e+03 	 3.00000000e+02 	 -3.21658120e+02 
32.900000 	 9.87000000e+03 	 4.69259199e+03 	 3.00000000e+02 	 -3.22638785e+02 
33.000000 	 9.90000000e+03 	 4.66027908e+03 	 3.00000000e+02 	 -3.23619450e+02 
33.100000 	 9.93000000e+03 	 4.62786810e+03 	 3.00000000e+02 	 -3.24600115e+02 
33.200000 	 9.96000000e+03 	 4.59535905e+03 	 3.00000000e+02 	 -3.25580780e+02 
33.300000 	 9.99000000e+03 	 4.56275194e+03 	 3.00000000e+02 	 -3.26561445e+02 
33.400000 	 1.00200000e+04 	 4.53004676e+03 	 3.00000000e+02 	 -3.27542110e+02 
33.500000 	 1.00500000e+04 	 4.49724352e+03 	 3.00000000e+02 	 -3.28522775e+02 
33.600000 	 1.00800000e+04 	 4.46434221e+03 	 3.00000000e+02 	 -3.29503440e+02 
33.700000 	 1.01100000e+04 	 4.43134283e+03 	 3.00000000e+02 	 -3.30484105e+02 
33.800000 	 1.01400000e+04 	 4.39824539e+03 	 3.00000000e+02 	 -3.31464770e+02 
33.900000 	 1.01700000e+04 	 4.36504988e+03 	 3.00000000e+02 	 -3.32445435e+02 
34.000000 	 1.02000000e+04 	 4.33175630e+03 	 3.00000000e+02 	 -3.33426100e+02 
34.100000 	 1.02300000e+04 	 4.29836466e+03 	 3.00000000e+02 	 -3.34406765e+02 
34.200000 	 1.02600000e+04 	 4.26487495e+03 	 3.00000000e+02 	 -3.35387430e+02 
34.300000 	 1.02900000e+04 	 4.23128717e+03 	 3.00000000e+02 	 -3.36368095e+02 
34.400000 	 1.03200000e+04 	 4.19760133e+03 	 3.00000000e+02 	 -3.37348760e+02 
34.500000 	 1.03500000e+04 	 4.16381742e+03 	 3.00000000e+02 	 -3.38329425e+02 
34.600000 	 1.03800000e+04 	 4.12993544e+03 	 3.00000000e+02 	 -3.39310090e+02 
34.700000 	 1.04100000e+04 	 4.09595540e+03 	 3.00000000e+02 	 -3.40290755e+02 
34.800000 	 1.04400000e+04 	 4.06187729e+03 	 3.00000000e+02 	 -3.41271420e+02 
34.900000 	 1.04700000e+04 	 4.02770112e+03 	 3.00000000e+02 	 -3.42252085e+02 
35.000000 	 1.05000000e+04 	 3.99342688e+03 	 3.00000000e+02 	 -3.43232750e+02 
35.100000 	 1.05300000e+04 	 3.95905457e+03 	 3.00000000e+02 	 -3.44213415e+02 
35.200000 	 1.05600000e+04 	 3.92458419e+03 	 3.00000000e+02 	 -3.45194080e+02 
35.300000 	 1.05900000e+04 	 3.89001575e+03 	 3.00000000e+02 	 -3.46174745e+02 
35.400000 	 1.06200000e+04 	 3.85534924e+03 	 3.00000000e+02 	 -3.47155410e+02 
35.500000 	 1.06500000e+04 	 3.82058467e+03 	 3.00000000e+02 	 -3.48136075e+02 
35.600000 	 1.06800000e+04 	 3.78572203e+03 	 3.00000000e+02 	 -3.49116740e+02 
35.700000 	 1.07100000e+04 	 3.75076132e+03 	 3.00000000e+02 	 -3.50097405e+02 
35.800000 	 1.07400000e+04 	 3.71570255e+03 	 3.00000000e+02 	 -3.51078070e+02 
35.900000 	 1.07700000e+04 	 3.68054571e+03 	 3.00000000e+02 	 -3.52058735e+02 
36.000000 	 1.08000000e+04 	 3.64529080e+03 	 3.00000000e+02 	 -3.53039400e+02 
36.100000 	 1.08300000e+04 	 3.60993783e+03 	 3.00000000e+02 	 -3.54020065e+02 
36.200000 	 1.08600000e+04 	 3.57448679e+03 	 3.00000000e+02 	 -3.55000730e+02 
36.300000 	 1.08900000e+04 	 3.53893768e+03 	 3.00000000e+02 	 -3.55981395e+02 
36.400000 	 1.09200000e+04 	 3.50329051e+03 	 3.00000000e+02 	 -3.56962060e+02 
36.500000 	 1.09500000e+04 	 3.46754527e+03 	 3.00000000e+02 	 -3.57942725e+02 
36.600000 	 1.09800000e+04 	 3.43170196e+03 	 3.00000000e+02 	 -3.58923390e+02 
36.700000 	 1.10100000e+04 	 3.39576059e+03 	 3.00000000e+02 	 -3.59904055e+02 
36.800000 	 1.10400000e+04 	 3.35972115e+03 	 3.00000000e+02 	 -3.60884720e+02 
36.900000 	 1.10700000e+04 	 3.32358365e+03 	 3.00000000e+02 	 -3.61865385e+02 
37.000000 	 1.11000000e+04 	 3.28734808e+03 	 3.00000000e+02 	 -3.62846050e+02 
37.100000 	 1.11300000e+04 	 3.25101444e+03 	 3.00000000e+02 	 -3.63826715e+02 
37.200000 	 1.11600000e+04 	 3.21458273e+03 	 3.00000000e+02 	 -3.64807380e+02 
37.300000 	 1.11900000e+04 	 3.17805296e+03 	 3.00000000e+02 	 -3.65788045e+02 
37.400000 	 1.12200000e+04 	 3.14142512e+03 	 3.00000000e+02 	 -3.66768710e+02 
37.500000 	 1.12500000e+04 	 3.10469922e+03 	 3.00000000e+02 	 -3.67749375e+02 
37.600000 	 1.12800000e+04 	 3.06787525e+03 	 3.00000000e+02 	 -3.68730040e+02 
37.700000 	 1.13100000e+04 	 3.03095321e+03 	 3.00000000e+02 	 -3.69710705e+02 
37.800000 	 1.13400000e+04 	 2.99393311e+03 	 3.00000000e+02 	 -3.70691370e+02 
37.900000 	 1.13700000e+04 	 2.95681494e+03 	 3.00000000e+02 	 -3.71672035e+02 
38.000000 	 1.14000000e+04 	 2.91959870e+03 	 3.00000000e+02 	 -3.72652700e+02 
38.100000 	 1.14300000e+04 	 2.88228440e+03 	 3.00000000e+02 	 -3.73633365e+02 
38.200000 	 1.14600000e+04 	 2.84487203e+03 	 3.00000000e+02 	 -3.74614030e+02 
38.300000 	 1.14900000e+04 	 2.80736159e+03 	 3.00000000e+02 	 -3.75594695e+02 
38.400000 	 1.15200000e+04 	 2.76975309e+03 	 3.00000000e+02 	 -3.76575360e+02 
38.500000 	 1.15500000e+04 	 2.73204652e+03 	 3.00000000e+02 	 -3.77556025e+02 
38.600000 	 1.15800000e+04 	 2.69424188e+03 	 3.00000000e+02 	 -3.78536690e+02 
38.700000 	 1.16100000e+04 	 2.65633918e+03 	 3.00000000e+02 	 -3.79517355e+02 
38.800000 	 1.16400000e+04 	 2.61833841e+03 	 3.00000000e+02 	 -3.80498020e+02 
38.900000 	 1.16700000e+04 	 2.58023958e+03 	 3.00000000e+02 	 -3.81478685e+02 
39.000000 	 1.17000000e+04 	 2.54204268e+03 	 3.00000000e+02 	 -3.82459350e+02 
39.100000 	 1.17300000e+04 	 2.50374771e+03 	 3.00000000e+02 	 -3.83440015e+02 
39.200000 	 1.17600000e+04 	 2.46535467e+03 	 3.00000000e+02 	 -3.84420680e+02 
39.300000 	 1.17900000e+04 	 2.42686357e+03 	 3.00000000e+02 	 -3.85401345e+02 
39.400000 	 1.18200000e+04 	 2.38827440e+03 	 3.00000000e+02 	 -3.86382010e+02 
39.500000 	 1.18500000e+04 	 2.34958717e+03 	 3.00000000e+02 	 -3.87362675e+02 
39.600000 	 1.18800000e+04 	 2.31080187e+03 	 3.00000000e+02 	 -3.88343340e+02 
39.700000 	 1.19100000e+04 	 2.27191850e+03 	 3.00000000e+02 	 -3.89324005e+02 
39.800000 	 1.19400000e+04 	 2.23293707e+03 	 3.00000000e+02 	 -3.90304670e+02 
39.900000 	 1.19700000e+04 	 2.19385757e+03 	 3.00000000e+02 	 -3.91285335e+02 
40.000000 	 1.20000000e+04 	 2.15468000e+03 	 3.00000000e+02 	 -3.92266000e+02 
40.100000 	 1.20300000e+04 	 2.11540437e+03 	 3.00000000e+02 	 -3.93246665e+02 
40.200000 	 1.20600000e+04 	 2.07603067e+03 	 3.00000000e+02 	 -3.94227330e+02 
40.300000 	 1.20900000e+04 	 2.03655890e+03 	 3.00000000e+02 	 -3.95207995e+02 
40.400000 	 1.21200000e+04 	 1.99698907e+03 	 3.00000000e+02 	 -3.96188660e+02 
40.500000 	 1.21500000e+04 	 1.95732117e+03 	 3.00000000e+02 	 -3.97169325e+02 
40.600000 	 1.21800000e+04 	 1.91755520e+03 	 3.00000000e+02 	 -3.98149990e+02 
40.700000 	 1.22100000e+04 	 1.87769117e+03 	 3.00000000e+02 	 -3.99130655e+02 
40.800000 	 1.22400000e+04 	 1.83772907e+03 	 3.00000000e+02 	 -4.00111320e+02 
40.900000 	 1.22700000e+04 	 1.79766891e+03 	 3.00000000e+02 	 -4.01091985e+02 
41.000000 	 1.23000000e+04 	 1.75751068e+03 	 3.00000000e+02 	 -4.02072650e+02 
41.100000 	 1.23300000e+04 	 1.71725438e+03 	 3.00000000e+02 	 -4.03053315e+02 
41.200000 	 1.23600000e+04 	 1.67690001e+03 	 3.00000000e+02 	 -4.04033980e+02 
41.300000 	 1.23900000e+04 	 1.63644758e+03 	 3.00000000e+02 	 -4.05014645e+02 
41.400000 	 1.24200000e+04 	 1.59589708e+03 	 3.00000000e+02 	 -4.05995310e+02 
41.500000 	 1.24500000e+04 	 1.55524852e+03 	 3.00000000e+02 	 -4.06975975e+02 
41.600000 	 1.24800000e+04 	 1.51450189e+03 	 3.00000000e+02 	 -4.07956640e+02 
41.700000 	 1.25100000e+04 	 1.47365719e+03 	 3.00000000e+02 	 -4.08937305e+02 
41.800000 	 1.25400000e+04 	 1.43271443e+03 	 3.00000000e+02 	 -4.09917970e+02 
41.900000 	 1.25700000e+04 	 1.39167360e+03 	 3.00000000e+02 	 -4.10898635e+02 
42.000000 	 1.26000000e+04 	 1.35053470e+03 	 3.00000000e+02 	 -4.11879300e+02 
42.100000 	 1.26300000e+04 	 1.30929774e+03 	 3.00000000e+02 	 -4.12859965e+02 
42.200000 	 1.26600000e+04 	 1.26796271e+03 	 3.00000000e+02 	 -4.13840630e+02 
42.300000 	 1.26900000e+04 	 1.22652961e+03 	 3.00000000e+02 	 -4.14821295e+02 
42.400000 	 1.27200000e+04 	 1.18499845e+03 	 3.00000000e+02 	 -4.15801960e+02 
42.500000 	 1.27500000e+04 	 1.14336922e+03 	 3.00000000e+02 	 -4.16782625e+02 
42.600000 	 1.27800000e+04 	 1.10164192e+03 	 3.00000000e+02 	 -4.17763290e+02 
42.700000 	 1.28100000e+04 	 1.05981656e+03 	 3.00000000e+02 	 -4.18743955e+02 
42.800000 	 1.28400000e+04 	 1.01789313e+03 	 3.00000000e+02 	 -4.19724620e+02 
42.900000 	 1.28700000e+04 	 9.75871637e+02 	 3.00000000e+02 	 -4.20705285e+02 
43.000000 	 1.29000000e+04 	 9.33752075e+02 	 3.00000000e+02 	 -4.21685950e+02 
43.100000 	 1.29300000e+04 	 8.91534447e+02 	 3.00000000e+02 	 -4.22666615e+02 
43.200000 	 1.29600000e+04 	 8.49218752e+02 	 3.00000000e+02 	 -4.23647280e+02 
43.300000 	 1.29900000e+04 	 8.06804991e+02 	 3.00000000e+02 	 -4.24627945e+02 
43.400000 	 1.30200000e+04 	 7.64293163e+02 	 3.00000000e+02 	 -4.25608610e+02 
43.500000 	 1.30500000e+04 	 7.21683269e+02 	 3.00000000e+02 	 -4.26589275e+02 
43.600000 	 1.30800000e+04 	 6.78975308e+02 	 3.00000000e+02 	 -4.27569940e+02 
43.700000 	 1.31100000e+04 	 6.36169281e+02 	 3.00000000e+02 	 -4.28550605e+02 
43.800000 	 1.31400000e+04 	 5.93265187e+02 	 3.00000000e+02 	 -4.29531270e+02 
43.900000 	 1.31700000e+04 	 5.50263027e+02 	 3.00000000e+02 	 -4.30511935e+02 
44.000000 	 1.32000000e+04 	 5.07162800e+02 	 3.00000000e+02 	 -4.31492600e+02 
44.100000 	 1.32300000e+04 	 4.63964507e+02 	 3.00000000e+02 	 -4.32473265e+02 
44.200000 	 1.32600000e+04 	 4.20668147e+02 	 3.00000000e+02 	 -4.33453930e+02 
44.300000 	 1.32900000e+04 	 3.77273721e+02 	 3.00000000e+02 	 -4.34434595e+02 
44.400000 	 1.33200000e+04 	 3.33781228e+02 	 3.00000000e+02 	 -4.35415260e+02 
44.500000 	 1.33500000e+04 	 2.90190669e+02 	 3.00000000e+02 	 -4.36395925e+02 
44.600000 	 1.33800000e+04 	 2.46502043e+02 	 3.00000000e+02 	 -4.37376590e+02 
44.700000 	 1.34100000e+04 	 2.02715351e+02 	 3.00000000e+02 	 -4.38357255e+02 
44.800000 	 1.34400000e+04 	 1.58830592e+02 	 3.00000000e+02 	 -4.39337920e+02 
44.900000 	 1.34700000e+04 	 1.14847767e+02 	 3.00000000e+02 	 -4.40318585e+02 
45.000000 	 1.35000000e+04 	 7.07668750e+01 	 3.00000000e+02 	 -4.41299250e+02 
45.100000 	 1.35300000e+04 	 2.65879168e+01 	 3.00000000e+02 	 -4.42279915e+02 
45.200000 	 1.35600000e+04 	 -1.76891080e+01 	 3.00000000e+02 	 -4.43260580e+02 
45.300000 	 1.35900000e+04 	 -6.20641992e+01 	 3.00000000e+02 	 -4.44241245e+02 
45.400000 	 1.36200000e+04 	 -1.06537357e+02 	 3.00000000e+02 	 -4.45221910e+02 
45.500000 	 1.36500000e+04 	 -1.51108581e+02 	 3.00000000e+02 	 -4.46202575e+02 
45.600000 	 1.36800000e+04 	 -1.95777872e+02 	 3.00000000e+02 	 -4.47183240e+02 
45.700000 	 1.37100000e+04 	 -2.40545229e+02 	 3.00000000e+02 	 -4.48163905e+02 
45.800000 	 1.37400000e+04 	 -2.85410653e+02 	 3.00000000e+02 	 -4.49144570e+02 
45.900000 	 1.37700000e+04 	 -3.30374143e+02 	 3.00000000e+02 	 -4.50125235e+02 
46.000000 	 1.38000000e+04 	 -3.75435700e+02 	 3.00000000e+02 	 -4.51105900e+02 
46.100000 	 1.38300000e+04 	 -4.20595323e+02 	 3.00000000e+02 	 -4.52086565e+02 
46.200000 	 1.38600000e+04 	 -4.65853013e+02 	 3.00000000e+02 	 -4.53067230e+02 
46.300000 	 1.38900000e+04 	 -5.11208769e+02 	 3.00000000e+02 	 -4.54047895e+02 
46.400000 	 1.39200000e+04 	 -5.56662592e+02 	 3.00000000e+02 	 -4.55028560e+02 
46.500000 	 1.39500000e+04 	 -6.02214481e+02 	 3.00000000e+02 	 -4.56009225e+02 
46.600000 	 1.39800000e+04 	 -6.47864437e+02 	 3.00000000e+02 	 -4.56989890e+02 
46.700000 	 1.40100000e+04 	 -6.93612459e+02 	 3.00000000e+02 	 -4.57970555e+02 
46.800000 	 1.40400000e+04 	 -7.39458548e+02 	 3.00000000e+02 	 -4.58951220e+02 
46.900000 	 1.40700000e+04 	 -7.85402703e+02 	 3.00000000e+02 	 -4.59931885e+02 
47.000000 	 1.41000000e+04 	 -8.31444925e+02 	 3.00000000e+02 	 -4.60912550e+02 
47.100000 	 1.41300000e+04 	 -8.77585213e+02 	 3.00000000e+02 	 -4.61893215e+02 
47.200000 	 1.41600000e+04 	 -9.23823568e+02 	 3.00000000e+02 	 -4.62873880e+02 
47.300000 	 1.41900000e+04 	 -9.70159989e+02 	 3.00000000e+02 	 -4.63854545e+02 
47.400000 	 1.42200000e+04 	 -1.01659448e+03 	 3.00000000e+02 	 -4.64835210e+02 
47.500000 	 1.42500000e+04 	 -1.06312703e+03 	 3.00000000e+02 	 -4.65815875e+02 
47.600000 	 1.42800000e+04 	 -1.10975765e+03 	 3.00000000e+02 	 -4.66796540e+02 
47.700000 	 1.43100000e+04 	 -1.15648634e+03 	 3.00000000e+02 	 -4.67777205e+02 
47.800000 	 1.43400000e+04 	 -1.20331309e+03 	 3.00000000e+02 	 -4.68757870e+02 
47.900000 	 1.43700000e+04 	 -1.25023791e+03 	 3.00000000e+02 	 -4.69738535e+02 
48.000000 	 1.44000000e+04 	 -1.29726080e+03 	 3.00000000e+02 	 -4.70719200e+02 
48.100000 	 1.44300000e+04 	 -1.34438175e+03 	 3.00000000e+02 	 -4.71699865e+02 
48.200000 	 1.44600000e+04 	 -1.39160077e+03 	 3.00000000e+02 	 -4.72680530e+02 
48.300000 	 1.44900000e+04 	 -1.43891786e+03 	 3.00000000e+02 	 -4.73661195e+02 
48.400000 	 1.45200000e+04 	 -1.48633301e+03 	 3.00000000e+02 	 -4.74641860e+02 
48.500000 	 1.45500000e+04 	 -1.53384623e+03 	 3.00000000e+02 	 -4.75622525e+02 
48.600000 	 1.45800000e+04 	 -1.58145752e+03 	 3.00000000e+02 	 -4.76603190e+02 
48.700000 	 1.46100000e+04 	 -1.62916687e+03 	 3.00000000e+02 	 -4.77583855e+02 
48.800000 	 1.46400000e+04 	 -1.67697429e+03 	 3.00000000e+02 	 -4.78564520e+02 
48.900000 	 1.46700000e+04 	 -1.72487977e+03 	 3.00000000e+02 	 -4.79545185e+02 
49.000000 	 1.47000000e+04 	 -1.77288332e+03 	 3.00000000e+02 	 -4.80525850e+02 
49.100000 	 1.47300000e+04 	 -1.82098494e+03 	 3.00000000e+02 	 -4.81506515e+02 
49.200000 	 1.47600000e+04 	 -1.86918463e+03 	 3.00000000e+02 	 -4.82487180e+02 
49.300000 	 1.47900000e+04 	 -1.91748238e+03 	 3.00000000e+02 	 -4.83467845e+02 
49.400000 	 1.48200000e+04 	 -1.96587820e+03 	 3.00000000e+02 	 -4.84448510e+02 
49.500000 	 1.48500000e+04 	 -2.01437208e+03 	 3.00000000e+02 	 -4.85429175e+02 
49.600000 	 1.48800000e+04 	 -2.06296403e+03 	 3.00000000e+02 	 -4.86409840e+02 
49.700000 	 1.49100000e+04 	 -2.11165405e+03 	 3.00000000e+02 	 -4.87390505e+02 
49.800000 	 1.49400000e+04 	 -2.16044213e+03 	 3.00000000e+02 	 -4.88371170e+02 
49.900000 	 1.49700000e+04 	 -2.20932828e+03 	 3.00000000e+02 	 -4.89351835e+02 
